2001:f5d9:81da:ff3c:1ffd:c19:e74a:ba8b	2001:867f:ca9e:c202:3f02:c001:9e00:3edf	58	1	128	0	1	64	1	1491992709.678899000	1491992709.678899000
2001:8da6:77ff:8f83:e27d:ed8:7e00:28c	2001:867f:cac1:e6b5:e0a3:3ff:e203:c176	17	1	32323	53	1	87	1	1491991711.442482000	1491991711.442482000
2001:86f8:fc20:fcbc:2063:3c07:9c00:7dfb	2001:8dfd:bc0f:3bf:e101:33e7:ff03:bd01	17	1	18992	53	1	86	1	1491991606.753664000	1491991606.753664000
2001:fe2f:f000:6292:c1bf:33f8:3ff:bd1d	2001:867f:cac1:e6b5:e0a3:3ff:e203:c176	17	1	54205	53	1	83	1	1491992283.058408000	1491992283.058408000
2604:b5f0:a41f:c143:fe83:3000:1ffc:2fd	2001:867f:cbff:c0c1:2081:3c19:fffc:3e13	17	1	53	43510	1	124	1	1491993110.767592000	1491993110.767592000
2620:9f0:c463:9530:2140:c3e1:81fc:410d	2001:867f:ca9e:4053:3fb1:7a41:8f54:c61e	6	1	443	51706	15	1200	1	1491993575.777759000	1491993644.055016000
2001:867f:ca9e:425f:ff27:fd:82bb:fd45	2400:f7ff:f476:c31d:df7c:ffe1:521a:1c80	17	1	64169	53	1	102	1	1491991774.647112000	1491991774.647112000
2600:6a6b:7ab:269:3edc:c000:6100:5790	2001:867f:cac1:f31f:7610:eed3:babc:8842	6	1	80	45321	4	1476	1	1491993388.566384000	1491993412.851187000
2001:867f:ca9e:425f:ff27:fd:82bb:fd45	2607:e9f1:8199:3dc0:3e3c:ffe6:7d03:bee3	17	1	45270	53	1	99	1	1491993447.762583000	1491993447.762583000
2001:8df9:b391:c1df:fee1:33e1:9dff:ff1d	2001:867f:ca4a:3da1:3efe:3e1:8251:fee2	17	1	53	36066	1	620	1	1491992162.077212000	1491992162.077212000
2606:d40e:394b:2dd6:e32b:19d8:6f87:b95b	2001:867f:cac1:f31f:7610:eed3:babc:8842	6	1	80	45521	28	26297	1	1491993788.999284000	1491993802.177473000
2a02:510e:cc4:c140:1f21:3e1:fee4:f1f4	2001:867f:ca22:3edf:e001:3e7:e100:3e2	58	1	128	0	1	64	1	1491991354.796890000	1491991354.796890000
2001:830f:b7d2:3a0:3fa0:f019:81ff:c2e1	2001:867f:cfe1:3e1c:2242:4330:f196:53b0	17	1	53	4742	2	786	1	1491993655.888452000	1491993655.889979000
2001:867f:ca22:3edf:e001:3e7:e100:3e2	2a02:510e:c57:3bf:e001:fff:e2e0:18b	58	1	129	0	1	64	1	1491991372.654072000	1491991372.654072000
2600:6a6b:7f3:140:1f63:f000:18f2:d7b6	2001:867f:cac1:d121:c160:3006:63fc:1	58	1	128	0	1	64	1	1491991865.181087000	1491991865.181087000
2a02:510e:cbf:3e03:fea1:f019:88f6:e0d9	2001:867f:ca22:3edf:e001:3e7:e100:3e2	58	1	128	0	1	64	1	1491992820.290453000	1491992820.290453000
2001:867f:ca22:3edf:e001:3e7:e100:3e2	2001:8267:ab90:ffb0:1e3f:cfe1:d76:439c	58	1	129	0	1	64	1	1491992240.173724000	1491992240.173724000
2404:1c01:f60e:3b99:de1f:fffe:1e00:7c07	2001:867f:cac9:fc71:bd:3c1e:1dff:c301	17	1	37387	53	1	109	1	1491991328.236625000	1491991328.236625000
2001:8dd1:f0d3:c17e:1e0:fff9:9e00:3ce8	2001:863f:806e:c35c:162:f01f:9ffc:41b2	17	1	56419	53	1	91	1	1491993909.383175000	1491993909.383175000
2001:8182:c8de:3e1f:e040:33ff:81fc:7ee0	2001:867f:ca9e:425f:ff27:fd:82bb:fd45	17	1	53	41995	1	160	1	1491994176.266634000	1491994176.266634000
2600:6a7a:cfb6:fd60:3f80:f000:945:73a	2001:867f:cac1:d121:c160:3006:63fc:1	58	1	128	0	1	64	1	1491993880.591494000	1491993880.591494000
2001:8dd1:f0d3:c17e:1e0:fff9:9e00:3ce8	2400:f7ff:f476:c31d:df7c:ffe1:521a:1c19	17	1	59163	53	1	92	1	1491991275.099296000	1491991275.099296000
2804:999:ccee:fc80:81:3e0:62ff:3291	2001:867f:ca28:c0e2:dea0:0:6000:3c14	17	1	53	61077	1	152	1	1491994061.389862000	1491994061.389862000
2607:e961:4c78:fd7d:da72:9e4c:6c0:8f8f	2001:867f:ca9e:425f:ff27:fd:82bb:fd40	17	1	60285	53	1	104	1	1491994111.301183000	1491994111.301183000
2001:8dd1:f449:2ef:e0df:f3f9:81fc:7c05	2001:8df9:b391:c1df:fee1:33e1:9dff:ff1d	17	1	15259	53	1	92	1	1491991202.936277000	1491991202.936277000
2a00:efa0:6011:221:fe7d:33e7:fe00:411d	2001:867f:cbff:8161:febf:cff9:eae3:fe23	58	1	129	0	6	576	1	1491992368.590242000	1491992386.036642000
2001:8df4:f87c:ff3f:fefc:cff8:60fc:7e00	2001:867f:cfe5:17e:c0c1:cfe1:fe00:4074	17	1	53	62883	1	333	1	1491991177.107988000	1491991177.107988000
2406:8a7e:7570:3e1f:df03:3c07:e003:fedd	2001:867f:ca9e:c203:fe81:3c19:fe03:bfdd	17	1	53	46049	1	107	1	1491994068.937009000	1491994068.937009000
2a01:f1e:f98:ff82:20e3:fc00:61ff:83fa	2001:867f:cbff:c0c1:2081:3c19:fffc:3e17	17	1	22188	53	1	96	1	1491993887.571933000	1491993887.571933000
2600:6a6b:7bb:3f00:209d:c3e7:b3e5:65f7	2001:867f:ca22:3edf:e001:3e7:e100:3e2	58	1	128	0	3	192	1	1491991331.519392000	1491991451.506947000
2a02:6870:872:fbdc:20dc:fc19:3297:eef7	2001:8d2e:45ed:10a0:2100:fc06:1fff:d31e	17	1	5495	53	1	95	1	1491994196.508350000	1491994196.508350000
2620:9f0:c460:c27d:c213:cc98:295:fc55	2001:867f:cbff:8161:febf:cff9:eae3:fe23	58	1	128	0	3	240	1	1491994286.137819000	1491994288.141246000
2001:867f:cbff:8161:febf:cff9:eae3:fe23	2606:d40e:4f8f:fff4:3ea0:c1e:6100:7f13	58	1	128	0	3	288	1	1491994471.308837000	1491994473.313563000
2600:6a68:e810:ffbc:19d:cc01:e7f1:1d66	2001:867f:cbff:c0dc:3e82:c18:61ff:815e	58	1	128	0	1	64	1	1491993731.961597000	1491993731.961597000
2001:867f:cac1:e6b5:e0a3:3ff:e203:c176	2001:8690:147d:ffc4:11f:3c06:1c00:1dd	17	1	53	53780	1	138	1	1491994293.378074000	1491994293.378074000
2001:867f:ca9e:c223:dfbe:ffe:7c35:bf1d	2001:8b18:f23e:fb4e:ffbd:29b:126:16c	17	1	53	55109	1	92	1	1491994274.762427000	1491994274.762427000
2001:867f:cfe1:580:75ec:4bfc:3ef1:ae97	2001:8267:b7c7:e0:3e9e:c01:8003:bc5e	17	1	123	123	1	96	1	1491994354.514343000	1491994354.514343000
2001:867f:cac1:e6b5:e0a3:3ff:e203:c176	2001:9890:b93f:8c6:1ea0:c1a2:7cf2:fea5	17	1	53	58141	1	261	1	1491992435.054847000	1491992435.054847000
2001:867f:cbff:c0dc:3e82:c18:61ff:815e	2600:6a63:86a:2e0:3f02:f3fe:6b8b:d0f0	58	1	129	0	16	1024	1	1491991917.197062000	1491992817.168240000
2001:867f:ca4a:3da1:3efe:3e1:8251:fee0	2001:8781:77f1:fe2a:1e00:f3f8:6203:bf04	17	1	29896	53	1	104	1	1491992492.441875000	1491992492.441875000
2607:ecf0:c6b1:fcbc:15c:c00:303:bd1e	2001:867f:cfe1:5f0:77bb:48ee:57d4:ab72	6	1	80	53753	5	679	1	1491993221.536622000	1491993225.377599000
2001:830c:7a45:c2e0:3edd:3e0:ff:bc3c	2001:867f:cbff:14c2:3d9d:1e83:612:c153	17	1	53	50440	1	541	1	1491994138.616106000	1491994138.616106000
2001:867f:ca9e:c223:dfbe:ffe:7c35:bf1d	2003:fb70:7c7d:120:1dc:f3f8:1c13:3cfe	17	1	53	50761	1	292	1	1491994719.694282000	1491994719.694282000
2600:93ff:a996:2c83:e0df:fe7:fdfc:7efd	2001:867f:ca9e:d31f:c11d:33f9:9ffc:3f0e	17	1	53	4142	1	317	1	1491992948.572219000	1491992948.572219000
2001:8bb0:de77:2de:2161:c000:203:82dd	2001:867f:c23b:f002:c299:c740:942:bbf7	17	1	45535	53	1	93	1	1491993617.277467000	1491993617.277467000
2001:830f:b760:fe03:de60:3c1e:7cfc:428f	2001:867f:cfe1:3e1c:201d:cff8:0:7cd8	17	1	53	64521	1	555	1	1491991261.159488000	1491991261.159488000
2a02:510e:ca7:3c7f:ffe2:ffe1:fe58:7d83	2001:867f:ca22:3edf:e001:3e7:e100:3e2	58	1	128	0	1	64	1	1491992321.568845000	1491992321.568845000
2400:84f0:f7fe:1c0:3f3e:0:7efc:3f60	2001:867f:cac1:d08c:3e3d:3018:6307:81fd	17	1	53	40406	1	179	1	1491993880.107303000	1491993880.107303000
2001:830c:7a45:c2e0:3edd:3e0:ff:bc3c	2001:867f:cfe1:3e1c:201d:cff8:0:7cd8	17	1	53	64181	1	906	1	1491991755.866939000	1491991755.866939000
2001:867f:cac1:e6b5:e0a3:3ff:e203:c176	2001:a671:1e03:36e2:1be:3000:1dff:beac	17	1	53	43764	1	141	1	1491994192.850396000	1491994192.850396000
2a03:468e:ec03:d69:7dc9:5011:e200:21c	2001:867f:cac1:f31f:7610:eed3:babc:8842	6	1	443	53949	19	19924	1	1491997981.803929000	1491998014.815316000
2001:8dfb:870:fe7f:ff5e:c001:81fc:7efd	2001:867f:ca4a:3da1:3efe:3e1:8251:fee0	17	1	53	55432	1	627	1	1491995079.966422000	1491995079.966422000
2001:81d0:74f1:6cc9:3f63:3c06:1ffc:91	2001:867f:ca9e:c223:dfbe:ffe:7c35:bf1d	17	1	7837	53	1	102	1	1491995047.585477000	1491995047.585477000
2001:867f:cac1:f31f:7610:eed3:babc:8842	2600:6a74:879b:fc67:df1c:33e1:fdff:daed	6	1	36969	443	157	21386	1	1491996062.279107000	1491996120.872063000
2001:86f8:fc30:c963:de5d:cfe1:821b:fe71	2001:8df9:b391:c1df:fee1:33e1:9dff:ff1d	17	1	21001	53	1	101	1	1491995972.171438000	1491995972.171438000
2a04:b281:f7e1:ff40:1ec0:c3e1:9d00:3c1a	2001:867f:cbff:8161:febf:cff9:eae3:fe23	17	1	53	49317	1	222	1	1491995355.148856000	1491995355.148856000
2a02:510e:ca5:39c:1ebf:301f:e2ee:ec58	2001:867f:cbff:c0dc:3e82:c18:61ff:815e	58	1	128	0	1	64	1	1491995807.675318000	1491995807.675318000
2001:830c:7a45:c2e0:3edd:3e0:ff:bc3c	2001:867f:ca9e:c4c3:c1bf:3f8:1fae:c18e	6	1	53	30555	5	1167	1	1491998126.419179000	1491998126.575233000
2001:822e:5d:3de2:201c:3c1e:1f00:3fd8	2001:867f:ca9e:425f:ff27:fd:82bb:fd45	17	1	53	10598	1	1120	1	1491997595.877438000	1491997595.877438000
2600:6a74:8788:125:c060:cc18:bf33:1509	2001:867f:cac1:d121:c160:3006:63fc:1	58	1	128	0	1	64	1	1491994937.627996000	1491994937.627996000
2600:7bfa:fe79:2be:3e19:c006:1c89:c139	2001:867f:cac1:e6b5:e0a3:3ff:e203:c176	17	1	54104	53	1	87	1	1491997142.038861000	1491997142.038861000
2001:867f:cac1:d121:c160:3006:63fc:1	2a02:510e:c8d:a3:c020:fffe:7829:ab34	58	1	129	0	1	64	1	1491997920.409037000	1491997920.409037000
2a03:468e:ec12:fd93:ad6:33ed:9c00:7ee2	2001:867f:cac1:f31f:7610:eed3:babc:8842	6	1	443	54184	15	13257	1	1491997009.811900000	1491997050.328466000
2001:867f:cac1:f31f:7610:eed3:babc:8842	2600:6a6b:7ab:27c:81:fe7:e200:2828	6	1	40380	80	13	1630	1	1491994818.696597000	1491994852.171161000
2001:867f:ca9e:c223:dfbe:ffe:7c35:bf1e	2001:8b18:f23e:fb4e:ffbd:29b:126:16d	17	1	53	44090	1	92	1	1491996879.042928000	1491996879.042928000
2001:8dd1:f0d3:c17e:1e0:fff9:9e00:3ce1	2400:f7ff:f476:c31d:df7c:ffe1:19d5:d780	17	1	52449	53	1	111	1	1491995120.160482000	1491995120.160482000
2001:867f:cac1:d121:c160:3006:63fc:1	2a02:510e:d63:3fe0:bd:c1e:6a40:132	58	1	129	0	1	64	1	1491996106.716593000	1491996106.716593000
2001:830c:683e:35f:ffbc:cfe6:7e01:8130	2001:867f:cac1:d08c:3e3d:3018:6307:81fd	17	1	53	5898	1	882	1	1491995452.765316000	1491995452.765316000
2001:867f:ca9e:c223:dfbe:ffe:7c35:bf1d	2001:8b18:f23e:fb4e:ffbd:29b:126:167	17	1	53	40491	1	92	1	1491997925.410711000	1491997925.410711000
2001:861f:c3e2:fe4e:3e1e:c1e:7cfc:e7	2001:867f:cbff:c0c1:2081:3c19:fffc:3e02	17	1	39424	53	1	105	1	1491997224.477794000	1491997224.477794000
2606:d40e:387f:3e03:e03c:f019:e0ff:bc06	2001:867f:ca9e:c203:fe81:3c19:fe03:bfdd	17	1	53	44985	1	149	1	1491997076.313767000	1491997076.313767000
2607:ebf0:20e:fed0:de7a:f3e8:eb:c2cd	2001:867f:ca9e:c223:dfbe:ffe:7c35:bf1e	17	1	39486	53	1	92	1	1491996083.589388000	1491996083.589388000
2001:87a6:707e:c0df:e062:3ffe:7f7f:fde6	2001:867f:cbff:c0c1:2081:3c19:fffc:3e02	17	1	42252	53	1	100	1	1491996696.906939000	1491996696.906939000
2001:867f:cbff:c0c1:2081:3c19:fffc:3e17	2001:830d:8d91:3e7f:c1c3:ffe:1fff:801f	17	1	49399	53	1	112	1	1491997225.796540000	1491997225.796540000
2001:830f:b7fa:fc1c:3e1f:3f8:1c03:bf1d	2001:867f:ca28:ceaf:c1a0:cc18:6000:3e9d	17	1	53	49270	1	96	1	1491995996.301948000	1491995996.301948000
2610:824f:7b10:c05b:c19c:fc07:fdff:be0f	2001:867f:cac1:d08c:3e3d:3018:6307:81fe	255	0	0	0	2	2044	1	1491996034.699725000	1491996034.700160000
2a02:ae01:cff3:ef23:e1bc:cfe0:e036:6293	2001:867f:ca9e:c223:dfbe:ffe:7c35:bf1d	17	1	5692	53	1	103	1	1491996272.231370000	1491996272.231370000
2600:93ff:a990:5580:1bf:c3e0:62fc:40e2	2001:867f:ca9e:425f:ff27:fd:82bb:fd45	17	1	53	18275	1	383	1	1491997880.751434000	1491997880.751434000
2402:4b81:28e:ff9e:207f:cc00:7e0a:40fe	2001:867f:cbff:8161:febf:cff9:eae3:fe23	58	1	3	0	3	432	1	1491997184.728760000	1491997185.254383000
2001:867f:cac1:d121:c160:3006:63fc:1	2001:8241:e100:c057:fe00:c01f:61a2:4cd7	58	1	129	0	1	64	1	1491997050.420670000	1491997050.420670000
2001:830d:8d91:3e7f:c1c3:ffe:1fff:801a	2001:867f:cac1:d08c:3e3d:3018:6307:81fb	17	1	53	19358	1	730	1	1491997582.373222000	1491997582.373222000
2001:867f:ca22:3edf:e001:3e7:e100:3d8	2607:e9f1:8012:3c3:fe03:1:fe03:830c	17	1	16412	53	1	86	1	1491997235.359551000	1491997235.359551000
2001:830d:4072:c3bf:ffe1:fc01:9f00:202	2001:867f:cac1:f31f:7ad1:28f:e8d:edeb	17	1	53	13983	1	141	1	1491996308.711561000	1491996308.711561000
2001:867f:cfe1:39e3:e2d5:1abf:ea7:65f6	2607:ef89:f010:feec:2060:c01c:6705:c1fe	6	1	54127	80	6	589	1	1491997459.397217000	1491997461.614136000
2001:8dfb:13ff:3e80:1e7e:3fe:7e03:8102	2001:867f:cac1:d09c:1fde:3006:60fb:8221	17	1	53	58445	1	743	1	1491996189.082607000	1491996189.082607000
2001:86f0:4c7e:4adc:40:f019:82fe:7d1d	2001:867f:cbff:c0c1:2081:3c19:fffc:3e19	6	1	53	20542	5	424	1	1491997610.051824000	1491997610.281549000
2001:867f:ca22:3edf:e001:3e7:e100:3e2	2a02:510e:cdf:3d40:20a1:ff8:2aaa:edcf	58	1	129	0	1	64	1	1491996181.055720000	1491996181.055720000
2a00:e341:3a9e:143:dee1:f007:9e01:3e03	2001:867f:ca9e:c223:dfbe:ffe:7c35:bf1e	17	1	29120	53	1	103	1	1491997157.034506000	1491997157.034506000
2001:8dd1:f0d3:c17e:1e0:fff9:9e00:3ce1	2001:8267:ab90:ff95:df3d:cff9:5a28:8638	58	1	129	0	1	64	1	1491996231.116122000	1491996231.116122000
2600:93ff:a991:167f:df01:c1e:6103:c0e2	2001:867f:cbff:c0c1:2081:3c19:fffc:3e17	17	1	53	50645	1	219	1	1491995851.417836000	1491995851.417836000
2407:bbff:818f:1c45:e1c3:fff8:9305:d320	2001:867f:ca9e:c223:dfbe:ffe:7c35:bf1d	17	1	59791	53	1	101	1	1491996985.183589000	1491996985.183589000
2403:458e:3071:fc1d:1e1e:3c00:1c03:81f1	2001:867f:ca9e:c223:dfbe:ffe:7c35:bf1e	17	1	32130	53	1	104	1	1491997107.670120000	1491997107.670120000
2001:830f:b775:fe22:dfe1:c1f:fdfc:3e34	2001:867f:ca9e:425f:ff27:fd:82bb:fd45	17	1	53	63419	1	136	1	1491997063.997751000	1491997063.997751000
2001:867f:cfe1:3e1c:22e3:c280:3e8c:847c	2001:830f:b7e2:3e63:febd:3c19:ff00:7ff4	17	1	1027	53	4	348	1	1491995780.318134000	1491995780.319408000
2001:867f:ca5f:fce2:3e22:3c01:e3fc:3de2	2620:871:1bf5:ece2:22f:3306:7e5c:222	17	1	63503	53	1	144	1	1491997272.134849000	1491997272.134849000
2403:458e:3071:fc1d:1e1e:3c00:1c03:81f3	2001:867f:ca9e:c223:dfbe:ffe:7c35:bf1d	17	1	40429	53	1	104	1	1491995384.312565000	1491995384.312565000
2a02:cf7e:33e9:160:bc:cc00:1cfc:1fe	2001:867f:cac1:d08c:3e3d:3018:6307:81fb	17	1	53	10412	1	524	1	1491996188.956763000	1491996188.956763000
2607:ebf0:20e:fed0:de7a:f3e8:eb:c2cf	2001:8d2e:45ed:10a0:2100:fc06:1fff:d31e	17	1	40073	53	1	79	1	1491997843.765262000	1491997843.765262000
2001:867f:cbff:c0c1:2081:3c19:fffc:3e19	2603:4869:c19e:d9a0:159d:990f:3186:62e8	17	1	53	55859	1	250	1	1491997385.292594000	1491997385.292594000
2404:1c01:f60e:3b99:de1f:fffe:1e00:7c07	2001:867f:cac9:fc71:bd:3c1e:1dff:c301	17	1	46001	53	1	109	1	1491998175.641662000	1491998175.641662000
2001:867f:ca9e:d31f:c11d:33f9:9ffc:3f0e	2001:8dfe:460:c1ff:a4f8:cc07:fd00:40cd	17	1	46869	53	1	105	1	1491998891.442992000	1491998891.442992000
2001:867f:cbff:8161:febf:cff9:eae3:fe23	2001:81f1:c063:3cb9:df1c:6:7f00:3ffe	58	1	128	0	3	240	1	1492001658.167828000	1492001660.170045000
2001:867f:cac1:e6b5:e0a3:3ff:e203:c176	2001:9890:b93f:8c6:1ea0:c1a2:7cf2:fea6	17	1	53	22660	1	261	1	1491998481.994825000	1491998481.994825000
2001:867f:ca9e:c223:dfbe:ffe:7c35:bf1e	2001:8b18:f23e:fb4e:ffbd:29b:126:166	17	1	53	23382	1	92	1	1492000821.715490000	1492000821.715490000
2001:867f:cad2:c0df:fe01:6:203:fd02	2001:8dfe:460:c1ff:a4f8:cc07:fd00:40a0	17	1	63571	53	1	103	1	1491999271.838512000	1491999271.838512000
2001:830f:b7ec:c07c:1fe2:cfe0:6000:40e1	2001:867f:cfe1:3e1c:201d:cff8:0:7cd8	17	1	53	50871	1	861	1	1491999187.852072000	1491999187.852072000
2001:867f:ca9e:425f:ff27:fd:82bb:fd45	2001:830d:4072:c3bf:ffe1:fc01:9f00:202	17	1	64174	53	1	94	1	1491999128.523764000	1491999128.523764000
2a02:3787:b9f:801f:ffe2:fff8:7dff:bc1d	2001:867f:cbff:8161:febf:cff9:eae3:fe23	58	1	129	0	3	288	1	1492000927.496932000	1492000929.498876000
2001:830c:7a45:c2e0:3edd:3e0:ff:bc3c	2001:867f:ca9e:c203:fe81:3c19:fe03:bfdd	6	1	53	45087	5	1184	1	1491999175.870896000	1491999176.039281000
2001:9890:b93f:9c5:2011:fd27:e118:42ed	2001:867f:cac1:e6b5:e0a3:3ff:e203:c176	17	1	43696	53	1	87	1	1492001184.398104000	1492001184.398104000
2001:867f:ca22:3edf:e001:3e7:e100:3e2	2a02:510e:d61:300:40:f3fe:61ed:146c	58	1	129	0	1	64	1	1492000294.273084000	1492000294.273084000
2001:867f:cbff:c0dc:3e82:c18:61ff:815e	2a02:510e:cdc:c0bf:e03c:fc18:4f7a:7f78	58	1	129	0	1	64	1	1491999453.534566000	1491999453.534566000
2001:830f:b7ef:35f:fe7e:301e:1e00:3e1d	2001:867f:cfe1:3e1c:201d:cff8:0:7cd8	17	1	53	59830	1	1069	1	1491998965.596534000	1491998965.596534000
2600:6a78:f466:3e40:1e9f:ffe1:f706:4fa	2001:867f:ca22:3edf:e001:3e7:e100:3e2	58	1	128	0	1	64	1	1491998620.955816000	1491998620.955816000
2400:7c56:8893:1683:9192:b86d:ea68:cdc1	2001:867f:ca28:fd9d:143:c19:e3ff:c326	6	1	56618	80	2	132	1	1491998590.867285000	1491998590.884970000
2001:867f:ca22:3edf:e001:3e7:e100:39e	2400:f7ff:f476:c31d:df7c:ffe1:521a:1c15	17	1	21695	53	1	94	1	1491999361.919523000	1491999361.919523000
2600:4270:b7f1:fd43:e081:f018:1dff:fce8	2001:867f:ca9e:c223:dfbe:ffe:7c35:bf1d	17	1	44258	53	1	96	1	1491998667.692035000	1491998667.692035000
2001:8267:ab90:ffb8:e05e:f3f9:5bbf:a36c	2001:867f:cbff:c0dc:3e82:c18:61ff:815e	58	1	128	0	1	64	1	1492001584.016067000	1492001584.016067000
2001:8dd7:b870:3fbb:c0e0:3fff:9f03:fcc1	2001:8df9:b391:c1df:fee1:33e1:9dff:ff1d	17	1	61489	53	1	96	1	1491999800.232098000	1491999800.232098000
2001:867f:cac1:e554:b856:c975:3ebd:b178	2600:6a6b:7ab:5b2:9c:3c00:60fc:25bd	6	1	51093	443	9	1259	1	1491999622.094075000	1491999622.130076000
2001:9a10:c0e0:5590:15c:fff:f2e4:6148	2001:867f:ca22:3edf:e001:3e7:e100:3e2	58	1	128	0	2	128	1	1491998580.156568000	1491998640.153534000
2001:8dfe:460:c1ff:a4f8:cc07:fd00:40a0	2001:867f:cbff:c03:de1c:f3e1:8003:8170	17	1	53	63926	1	424	1	1491998915.048854000	1491998915.048854000
2001:867f:cbff:c0c1:2081:3c19:fffc:3e17	2610:82bf:6fce:fd83:ffdc:0:62fc:7fe8	17	1	53	50162	1	151	1	1491999178.285180000	1491999178.285180000
2a01:b18:47e:bf:1fa2:1e:7d00:7e3d	2001:867f:cbff:8161:febf:cff9:eae3:fe23	58	1	3	0	3	408	1	1491998428.150484000	1491998428.799923000
2001:867f:cbff:8161:febf:cff9:eae3:fe23	2a02:546f:fc60:edbb:c102:3fe7:9d03:fd1d	58	1	129	0	3	240	1	1492000648.949550000	1492000650.952893000
2001:8dd1:f0d3:c17e:1e0:fff9:9e00:3ce1	2a02:510e:c67:c3:c041:c01:829b:46d9	58	1	129	0	1	64	1	1491998546.071466000	1491998546.071466000
2001:81ff:63f:fc9e:e1de:cfff:9eca:bd1c	2001:867f:ca9e:c202:3f02:c001:9e00:3edf	17	1	53	51682	1	145	1	1491998921.999079000	1491998921.999079000
2001:867f:cbff:c03:de1c:f3e1:8003:8170	2a01:b18:52f:5e63:dfe1:18:1c03:bce1	17	1	57955	53	1	83	1	1492001419.331566000	1492001419.331566000
2001:867f:cbff:c0dc:3e82:c18:61ff:815e	2001:8267:7c15:3e4d:e0dd:ffe:f830:8675	58	1	129	0	1	64	1	1491998677.216059000	1491998677.216059000
2001:867f:cac1:f31f:7ad1:28f:e8d:edeb	2610:82bf:6ff5:3ca3:e162:33e7:fcff:fc1e	17	1	60613	53	1	117	1	1491998857.244008000	1491998857.244008000
2001:867f:cbff:c0dc:3e82:c18:61ff:815e	2a02:510e:ca7:3c7f:ffe2:ffe1:fe58:7d83	58	1	129	0	1	64	1	1492001814.082606000	1492001814.082606000
2a00:fc5e:8381:c2bf:ffbc:c141:9f7b:fc0a	2001:867f:cbff:8161:febf:cff9:eae3:fe23	17	1	53	41166	1	490	1	1492001219.065844000	1492001219.065844000
2001:8182:c8de:3e1f:e040:33ff:81fc:7f4e	2001:867f:cbff:c03:de1c:f3e1:8003:8170	17	1	53	16947	1	95	1	1492000889.780854000	1492000889.780854000
2001:8267:b401:3a3:fe5f:3fe0:62ff:c0fc	2001:867f:cbff:8161:febf:cff9:eae3:fe23	58	1	3	0	3	432	1	1492000405.794153000	1492000406.340143000
2001:830f:b771:fe3e:df43:3e1:83ff:fdcb	2001:867f:ca9e:c202:3f02:c001:9e00:3edf	17	1	53	51572	1	169	1	1492000609.242994000	1492000609.242994000
2001:863f:806e:c35c:162:f01f:9ffc:41b2	2001:867f:ca4a:3da1:3efe:3e1:8251:fee2	17	1	53	62143	1	793	1	1492001483.894205000	1492001483.894205000
2001:830f:b7e2:3e63:febd:3c19:ff00:7ff4	2001:867f:cac1:d08c:3e3d:3018:6307:81fd	17	1	53	32174	1	1074	1	1491999329.472121000	1491999329.472121000
2a02:510e:c87:2bc:2001:7:aee4:336f	2001:867f:cac1:d121:c160:3006:63fc:1	58	1	128	0	1	64	1	1492001892.067578000	1492001892.067578000
2001:867f:cac1:d08c:3e3d:3018:6307:81fc	2001:81ff:63f:fc9e:e1de:cfff:9eca:bd00	17	1	17843	53	1	93	1	1491999951.029613000	1491999951.029613000
2001:863f:4680:c1a3:ff02:fe6:7ffe:3ef6	2001:867f:ca9e:425f:ff27:fd:82bb:fd45	17	1	53	14962	1	143	1	1492000020.019132000	1492000020.019132000
2600:93ff:a997:2adc:3e7e:3e1:9f03:bdfe	2001:867f:ca9e:425f:ff27:fd:82bb:fd40	17	1	53	63073	1	386	1	1492000972.113126000	1492000972.113126000
2605:f08e:4ae:c27c:211f:3fe0:6000:21d	2001:867f:ca9e:c203:fe81:3c19:fe03:bfdd	17	1	53	53616	1	416	1	1491998603.778688000	1491998603.778688000
2a02:510e:7871:3c1f:e081:c06:68d1:eaf2	2001:867f:cbff:c0dc:3e82:c18:61ff:815e	58	1	128	0	1	64	1	1492000989.452069000	1492000989.452069000
2001:867f:cbff:c0dc:3e82:c18:61ff:815e	2a02:510e:d6b:3f83:fe22:cc19:9de6:69e1	58	1	129	0	1	64	1	1492000913.693520000	1492000913.693520000
2001:867f:ca9e:425f:ff27:fd:82bb:fd45	2001:830f:b775:fe22:dfe1:c1f:fdfc:3e32	17	1	50198	53	1	94	1	1491999290.926842000	1491999290.926842000
2400:7db7:90dd:defc:d078:d339:fcc1:7720	2001:867f:ca28:fd9d:143:c19:e3ff:c322	6	1	60725	80	81	8575	1	1491998557.806678000	1491998563.440788000
2001:867f:ca9e:c223:dfbe:ffe:7c35:bf1e	2607:ebf0:20e:fed0:de7a:f3e8:eb:c2cd	17	1	53	52145	1	92	1	1492000396.834241000	1492000396.834241000
2001:8837:3871:283:e000:3e6:7dfc:7d19	2001:867f:ca9e:c223:dfbe:ffe:7c35:bf1e	17	1	21544	53	1	96	1	1491999804.506499000	1491999804.506499000
2001:8666:47ee:5360:17d:c3f9:9eff:8080	2804:b02:98e4:78b2:b64b:7feb:c876:a109	58	1	1	3	6	704	1	1491998548.264341000	1491998558.103444000
2001:830c:683e:35f:ffbc:cfe6:7e01:8130	2001:867f:ca9e:425f:ff27:fd:82bb:fd45	17	1	53	60582	1	442	1	1491999484.526593000	1491999484.526593000
2001:861f:c3e0:c090:c1ff:fc19:e1fc:3e27	2001:867f:cbff:9a46:1f23:3c18:7cfc:9ff2	6	1	53914	80	5	528	1	1492002717.944243000	1492002723.089224000
2001:8186:8064:a0:1f62:fc01:9f03:fd1d	2001:867f:ca9e:c203:fe81:3c19:fe03:bfdd	6	1	53	53930	4	1010	1	1492003962.481391000	1492003962.996356000
2600:93ff:a996:56ff:c061:cc06:3ff:c3e2	2001:867f:cbff:de21:15c:3c1e:63fc:7c6a	17	1	53	50912	1	394	1	1492003613.800862000	1492003613.800862000
2001:8dfc:cc61:c33f:ff7e:1:8300:13a	2a00:e1f6:6c7e:23f:fefc:f007:82fc:7e00	17	1	53	57234	1	1076	1	1492003212.084667000	1492003212.084667000
2001:867f:ca9e:c203:fe81:3c19:fe03:bfdd	2001:8a7f:4fe2:3d6c:1f5f:3fff:82de:7c1e	17	1	55371	53	1	93	1	1492005387.054721000	1492005387.054721000
2001:867f:cbff:c0c1:2081:3c19:fffc:3e17	2605:657e:779e:fb2d:c2e5:acc3:f667:c829	17	1	53	52992	1	250	1	1492004519.951545000	1492004519.951545000
2001:830d:eac3:3d00:1f01:3fe7:fe00:4001	2001:867f:ca22:3edf:e001:3e7:e100:3d8	17	1	53	52986	1	259	1	1492002963.417132000	1492002963.417132000
2001:867f:cac1:f31f:7610:eed3:babc:8842	2600:6a6b:7ab:6f:20bf:301f:e000:4f15	6	1	60991	443	36	6547	1	1492002520.523164000	1492002563.918861000
2001:fc21:8aef:3fc3:c082:fc01:ffff:c010	2001:867f:cbff:8161:febf:cff9:eae3:fe23	17	1	53	37383	1	266	1	1492002825.034130000	1492002825.034130000
2607:ebf0:20e:fed0:de7a:f3e8:eb:c2cf	2001:867f:ca9e:c223:dfbe:ffe:7c35:bf1e	17	1	64940	53	1	92	1	1492004714.288919000	1492004714.288919000
2001:867f:c23b:f002:c299:c740:942:bbf7	2400:7c4f:b694:1ea0:95cd:7754:a609:540c	6	1	80	60821	3	192	1	1492003830.089723000	1492003830.136888000
2001:8881:8c79:c0bd:213f:3007:fdfc:1ce0	2001:867f:ca28:dfc1:df3f:33f9:e0fc:3c10	17	1	43833	53	1	93	1	1492002687.571082000	1492002687.571082000
2001:867f:cac1:e6b5:e0a3:3ff:e203:c176	2607:e490:327c:7803:342:5ed4:62fc:912a	17	1	53	58834	1	141	1	1492003741.486562000	1492003741.486562000
2001:814e:b8e:de43:5a9a:94f0:c956:ae7c	2001:867f:cac1:e6b5:e0a3:3ff:e203:c176	17	1	55654	53	1	83	1	1492003486.451483000	1492003486.451483000
2600:6a7c:f005:fe40:1e9d:3006:7bbc:b831	2001:867f:cac1:d121:c160:3006:63fc:1	58	1	128	0	1	64	1	1492005252.842446000	1492005252.842446000
2a02:715f:9790:9cc1:7a52:d483:f695:ea26	2001:8d2e:45ed:10a0:2100:fc06:1fff:d31e	17	1	57650	53	1	90	1	1492002658.577524000	1492002658.577524000
2001:867f:cac1:e6b5:e0a3:3ff:e203:c176	2001:9890:b93f:9c6:a2:cedf:6119:fd6b	17	1	53	11269	1	261	1	1492003383.827859000	1492003383.827859000
2001:867f:c23b:f002:c299:c740:942:bbf7	2400:7c4f:b694:1ea0:95cd:7754:a609:540c	6	1	80	61643	3	192	1	1492005422.799810000	1492005422.821673000
2001:830c:683e:35f:ffbc:cfe6:7e01:8130	2001:867f:ca9e:425f:ff27:fd:82bb:fd45	17	1	53	40508	1	643	1	1492002724.523757000	1492002724.523757000
2001:867f:cac1:e6b5:e0a3:3ff:e203:c176	2a01:7c0:738e:fef8:1e40:7:8309:3ce3	17	1	53	37849	1	162	1	1492005295.869983000	1492005295.869983000
2600:93ff:a996:e5f:c19f:cc00:7c00:1fe	2001:867f:cac1:d08c:3e3d:3018:6307:81fb	17	1	53	44167	1	248	1	1492004355.370709000	1492004355.370709000
2001:8dd1:f0d3:c17e:1e0:fff9:9e00:3ce1	2a02:510e:d4b:3ebc:3eff:0:1ee5:c884	58	1	129	0	1	64	1	1492004384.113234000	1492004384.113234000
2001:8267:ab90:ff98:1eff:cfff:5a26:6ae7	2001:867f:cac1:d121:c160:3006:63fc:1	58	1	128	0	1	64	1	1492004818.979606000	1492004818.979606000
2001:86f0:4c7e:4adc:2b9:a38c:c675:b140	2001:867f:cbff:d594:1d0a:c340:f6bf:d3bc	17	1	53	9891	1	207	1	1492003783.463718000	1492003783.463718000
2001:8182:cb18:ae:dfc1:c01e:c103:90c3	2001:867f:cbff:8161:febf:cff9:eae3:fe23	58	1	129	0	3	240	1	1492003655.112092000	1492003657.115279000
2001:8e46:787a:fe87:de60:ffff:ba1d:d6ce	2001:867f:ca22:3edf:e001:3e7:e100:3e2	58	1	128	0	1	64	1	1492003229.444179000	1492003229.444179000
2605:f08e:4ae:c27c:211f:3fe0:6000:21d	2001:867f:ca9e:c203:fe81:3c19:fe03:bfdd	17	1	53	59499	1	444	1	1492003236.444576000	1492003236.444576000
2001:86ce:37ef:3dc2:61:ffe7:fcfc:e1c	2001:867f:ca9e:425f:ff27:fd:82bb:fd40	17	1	53	56655	1	92	1	1492005058.082763000	1492005058.082763000
2001:867f:cbff:c0dc:3e82:c18:61ff:815e	2a02:510e:cda:c063:ff22:c19:bc95:c579	58	1	129	0	1	64	1	1492003550.734441000	1492003550.734441000
2a02:510e:cdc:c0bf:e03c:fc18:4f7a:7f78	2001:867f:cac1:d121:c160:3006:63fc:1	58	1	128	0	1	64	1	1492002969.111785000	1492002969.111785000
2405:fe00:107c:c671:fe80:1f:9cff:82e6	2001:867f:cac1:e6b5:e0a3:3ff:e203:c176	17	1	47591	53	1	87	1	1492003630.264252000	1492003630.264252000
2804:aa0:8be9:2fb:dfc0:301f:e103:ff73	2001:867f:cac1:e6b5:e0a3:3ff:e203:c176	17	1	34758	53	1	87	1	1492003045.127561000	1492003045.127561000
2001:867f:ca22:3edf:e001:3e7:e100:39e	2400:f7ff:f476:c31d:df7c:ffe1:521a:1c1c	17	1	29565	53	1	91	1	1492003922.693732000	1492003922.693732000
2001:867f:ca9e:425f:ff27:fd:82bb:fd40	2400:f7ff:f476:c31d:df7c:ffe1:521a:1c86	17	1	53159	53	1	93	1	1492003960.163110000	1492003960.163110000
2001:8dfc:cc61:c33f:ff7e:1:8300:13a	2a00:e1f6:6c7e:225:c07d:fc06:3:8103	17	1	53	14657	1	1145	1	1492004437.339682000	1492004437.339682000
2001:8267:cf8f:20f:e01d:f3fe:a418:6ab3	2001:867f:cbff:c0dc:3e82:c18:61ff:815e	58	1	128	0	1	64	1	1492003318.083781000	1492003318.083781000
2a01:542f:c01:fd2c:1f00:cc01:e303:be0a	2001:867f:cbff:c0c1:2081:3c19:fffc:3e17	17	1	53	56070	1	109	1	1492003940.875120000	1492003940.875120000
2405:847e:f3ff:3d3f:e163:c019:fdfd:2fe	2001:867f:cac1:e6b5:e0a3:3ff:e203:c176	17	1	64746	53	1	93	1	1492004594.590199000	1492004594.590199000
2001:f259:3277:3ae1:5ed9:f33f:f1d9:788b	2001:8d2e:45ed:10a0:2100:fc06:1fff:d31e	17	1	16467	53	1	98	1	1492004755.440780000	1492004755.440780000
2001:8dd1:f0d3:c17e:1e0:fff9:9e00:3ce1	2a02:7388:b4f8:c3a5:3e80:fff:14f5:4d8e	58	1	129	0	1	64	1	1492002794.013321000	1492002794.013321000
2a02:7398:4fe2:fdc0:3e3d:3c06:6372:c030	2001:867f:ca9e:c223:dfbe:ffe:7c35:bf1e	17	1	29458	53	1	102	1	1492003256.098658000	1492003256.098658000
2400:84f0:f7fe:1c0:3f3e:0:7efc:3f60	2001:867f:ca22:3edf:e001:3e7:e100:39e	17	1	53	32251	1	280	1	1492004145.042447000	1492004145.042447000
2001:830d:eac3:3d00:1f01:3fe7:fe00:4001	2001:867f:cbff:c0c1:2081:3c19:fffc:3e17	17	1	53	52405	1	259	1	1492002527.771480000	1492002527.771480000
2001:867f:ca9e:d31f:c11d:33f9:9ffc:3f0d	2001:830f:b775:fe22:dfe1:c1f:fdfc:3e34	17	1	37705	53	1	100	1	1492003792.432933000	1492003792.432933000
2001:867f:ca9e:c203:fe81:3c19:fe03:bfdd	2001:830f:b771:fe3e:df43:3e1:83ff:fdcb	17	1	37765	53	1	99	1	1492002156.852298000	1492002156.852298000
2a02:6870:4f8:773c:21a3:3c07:9cfc:477b	2001:867f:ca22:3edf:e001:3e7:e100:3d8	17	1	53	37593	1	109	1	1492005186.489481000	1492005186.489481000
2001:f3c1:cbfe:fca5:de5d:f001:e19e:2298	2001:867f:cac1:d121:c160:3006:63fc:1	58	1	128	0	1	64	1	1492005142.278952000	1492005142.278952000
2600:6a6b:7ab:27c:81:fe7:e200:2828	2001:867f:cac1:f31f:7610:eed3:babc:8842	6	1	80	42465	5	1556	1	1492004539.792574000	1492004568.249474000
2600:6a6b:7a5:90ff:3a99:334d:727a:73d0	2001:867f:ca9e:c203:fe81:3c19:fe03:bfdd	17	1	53	49552	1	137	1	1492005291.181620000	1492005291.181620000
2607:ebf0:20e:fed0:de7a:f3e8:eb:c2cd	2001:8d2e:45ed:10a0:2100:fc06:1fff:d31e	17	1	42208	53	1	79	1	1492002647.031846000	1492002647.031846000
2001:867f:ca9e:c223:dfbe:ffe:7c35:bf1e	2001:8b18:f23f:541:fe81:e5d:8139:c001	17	1	53	6631	1	92	1	1492008157.957952000	1492008157.957952000
2001:8351:c06f:2120:3e1e:0:9127:cc21	2001:867f:cbff:8161:febf:cff9:eae3:fe23	58	1	3	0	9	1296	1	1492005840.411117000	1492005856.733232000
2001:867f:ca9e:4053:40d4:ec7c:a038:7ffd	2a03:468e:ed7f:fc9c:22e:cff1:9dff:fa18	6	1	57551	443	37	4061	1	1492006931.943965000	1492007049.266075000
2a00:fc5e:8381:c2bf:ffbc:c141:9f7b:fc1a	2001:867f:cbff:c03:de1c:f3e1:8003:8170	17	1	53	32933	1	456	1	1492006883.444636000	1492006883.444636000
2001:830c:7a45:c2e0:3edd:3e0:ff:bc3c	2001:867f:cbff:c0c1:2081:3c19:fffc:3e17	17	1	53	56970	1	549	1	1492007858.488693000	1492007858.488693000
2001:9890:b93f:8c6:1ea0:c1a2:7cf2:fe63	2001:867f:cac1:e6b5:e0a3:3ff:e203:c176	17	1	54506	53	1	93	1	1492006016.729299000	1492006016.729299000
2607:e490:326e:ff3:85a9:3a99:9ffc:b6d7	2001:867f:cac1:e6b5:e0a3:3ff:e203:c176	17	1	23515	53	1	90	1	1492007637.441790000	1492007637.441790000
2607:ef61:7e61:3f43:fffd:c09f:eee1:21c2	2001:867f:cac1:e6b5:e0a3:3ff:e203:c176	17	1	15527	53	1	91	1	1492005603.783108000	1492005603.783108000
2a02:7398:4fed:3fff:e0c3:3e6:200:1f19	2001:867f:c23b:f002:c299:c740:942:bbf7	17	1	28744	53	1	93	1	1492006525.073429000	1492006525.073429000
2a00:fc7e:47f1:3ec2:de03:fe0:1cfc:3e5	2001:867f:cbff:8161:febf:cff9:eae3:fe23	17	1	53	35326	1	328	1	1492006460.471801000	1492006460.471801000
2600:93ff:a997:3200:209f:33e7:9d03:c1fd	2001:867f:ca8f:ffa2:ffe1:33e1:80fc:f876	17	1	53	18424	1	398	1	1492008014.043529000	1492008014.043529000
2001:830f:b775:fe22:dfe1:c1f:fdfc:3e34	2001:867f:ca9e:425f:ff27:fd:82bb:fd45	17	1	53	13637	1	326	1	1492007562.761215000	1492007562.761215000
2400:b57e:47f0:3e43:df61:c01e:203:fd1b	2001:867f:cac1:e6b5:e0a3:3ff:e203:c176	17	1	32708	53	1	87	1	1492005700.410781000	1492005700.410781000
2001:8dd1:f0d3:31be:1f1c:cc01:e3fc:421e	2001:f5d9:81da:ff39:de42:f3e7:9889:462f	58	1	129	0	1	64	1	1492006461.947024000	1492006461.947024000
2001:867f:cac1:d121:c160:3006:63fc:1	2a02:510e:c96:3f00:1ebc:3e0:b121:ff27	58	1	129	0	1	64	1	1492006956.656060000	1492006956.656060000
2607:e340:8b8a:3edc:20ff:cc07:9d03:831f	2001:867f:c23b:f002:c299:c740:942:bbf7	17	1	50948	53	1	93	1	1492006829.924022000	1492006829.924022000
2405:c98f:fbf0:fcc0:63:f01e:63ff:c0ff	2001:867f:cad9:11c:3e62:cc19:83ff:82e7	58	1	3	0	3	408	1	1492006861.053297000	1492006861.294043000
2001:8c81:cc70:2f02:e0e1:3007:e3fc:41f1	2001:867f:ca9e:425f:ff27:fd:82bb:fd45	17	1	53	44906	1	121	1	1492008111.331023000	1492008111.331023000
2600:6a7d:b3ff:3fe0:20fd:3018:874:49e6	2001:867f:cbff:c0dc:3e82:c18:61ff:815e	58	1	128	0	1	64	1	1492008855.612413000	1492008855.612413000
2a02:510e:d7e:fe43:df63:3ff:9239:e1e7	2001:867f:cac1:d121:c160:3006:63fc:1	58	1	128	0	1	64	1	1492005666.568916000	1492005666.568916000
2001:867f:cac1:d121:c160:3006:63fc:1	2610:8266:8e6f:fce7:fe43:c01e:d098:d811	58	1	129	0	1	64	1	1492006070.382837000	1492006070.382837000
2001:867f:ca22:3edf:e001:3e7:e100:39e	2001:863f:806e:c35c:162:f01f:9ffc:41b2	17	1	53910	53	1	94	1	1492005899.115748000	1492005899.115748000
2400:7c5f:a0b2:d8c3:2877:ec55:36bf:c9a2	2001:867f:cac1:d09c:1fde:3006:60fa:7d1f	6	1	51944	993	24	2931	1	1492006002.593160000	1492006003.248260000
2001:867f:cfe1:3e1c:201d:cff8:0:7cd8	2001:8781:77f1:fe28:1:3fe1:fefc:102	17	1	52014	53	1	108	1	1492007519.954828000	1492007519.954828000
2600:93ff:a996:271f:c060:c3e6:7ffc:2fd	2001:867f:ca9e:425f:ff27:fd:82bb:fd45	17	1	53	46041	1	248	1	1492007000.431498000	1492007000.431498000
2001:867f:cac1:d121:c160:3006:63fc:1	2600:6a74:878c:fc7c:120:c19:49cf:38f5	58	1	129	0	1	64	1	1492006101.911539000	1492006101.911539000
2001:867f:ca9e:c202:3f02:c001:9e00:3edf	2a01:cb7:8b92:fedc:2023:3c1e:63fc:7dfd	17	1	60902	53	1	103	1	1492007166.723593000	1492007166.723593000
2001:863f:816e:d042:1fc0:ffe7:9d00:3c2e	2001:867f:c23b:f002:c2dc:a933:3192:ae84	6	1	53830	10050	5	394	1	1492008778.948222000	1492008778.965385000
2001:863f:4642:413e:1efc:f3f8:6203:c1e5	2001:867f:cbff:c01:e17e:cffe:7e03:eed	17	1	56539	53	1	96	1	1492008851.568588000	1492008851.568588000
2001:8a7f:4fe0:c021:1f22:18:7c00:d3	2001:867f:ca9e:c223:dfbe:ffe:7c35:bf1e	17	1	54165	53	1	103	1	1492005999.640361000	1492005999.640361000
2001:867f:cac1:d121:c160:3006:63fc:1	2600:6a7a:cf8c:fe5f:c1be:ff9:4d14:9c27	58	1	129	0	1	64	1	1492007982.551648000	1492007982.551648000
2001:8df0:2f8f:c3e1:df9f:3001:83fc:42e5	2001:867f:cbff:c0c1:2081:3c19:fffc:3e17	17	1	53	56175	1	93	1	1492006838.223188000	1492006838.223188000
2600:6a7d:f784:fc98:2162:fc19:ad91:a7d8	2001:867f:cac1:d121:c160:3006:63fc:1	58	1	128	0	1	64	1	1492008308.421875000	1492008308.421875000
2600:6a6b:7ab:27c:81:fe7:e200:2828	2001:867f:cac1:f31f:7610:eed3:babc:8842	6	1	443	58963	8	4600	1	1492006844.574270000	1492006863.562865000
2620:871:1bf2:94bd:219b:3ce5:fe41:220	2001:867f:cbff:c03:de1c:f3e1:8003:8170	17	1	53	51431	1	208	1	1492006325.963023000	1492006325.963023000
2600:6a7a:cfb9:3cc1:ff21:3f9:eb81:4116	2001:867f:cac1:d121:c160:3006:63fc:1	58	1	128	0	1	64	1	1492008018.075774000	1492008018.075774000
2001:86f8:fc29:3ebd:ffe2:c000:7c03:c324	2001:8dfd:bc0f:3bf:e101:33e7:ff03:bd01	17	1	16394	53	1	86	1	1492009102.127089000	1492009102.127089000
2001:867f:ca22:3edf:e001:3e7:e100:3e2	2001:8390:83fe:ff22:df:3f8:1b18:7985	58	1	129	0	1	64	1	1492006031.222296000	1492006031.222296000
2606:d40e:394b:2dd6:e32b:19d8:6f87:b95b	2001:867f:cac1:f31f:7610:eed3:babc:8842	6	1	80	46634	11	7802	1	1492006739.355066000	1492006754.998418000
2001:867f:cac1:d08c:3e3d:3018:6307:81fe	2001:830f:b775:fe22:dfe1:c1f:fdfc:3e34	17	1	56512	53	1	100	1	1492007807.142838000	1492007807.142838000
2001:867f:cbff:c0dc:3e82:c18:61ff:815e	2a02:7c1d:478f:61:e11d:3fff:a1e9:85a7	58	1	129	0	1	64	1	1492008518.523817000	1492008518.523817000
2001:867f:cfe1:3e1f:c2b9:a6c0:391f:c6ab	2a01:b18:c77:4a6d:19e:cfff:80ff:c11e	6	1	80	40364	5	915	1	1492005973.482432000	1492005977.317298000
2001:867f:cac1:febc:21de:5133:dbe0:900f	2600:6a74:879b:fe65:e0a1:cc07:e000:40e5	6	1	60389	443	1	103	1	1492006895.427582000	1492006895.427582000
2001:867f:cbff:c0dc:3e82:c18:61ff:815e	2a02:510e:c02:303:fe03:3006:94ff:7aa9	58	1	129	0	1	64	1	1492005834.233271000	1492005834.233271000
2409:8390:c251:febf:9ea6:8390:567e:2aba	2001:867f:cac1:e55c:3f0c:ffdc:61ec:bc9c	6	1	62918	443	2	168	1	1492008414.686593000	1492008415.686747000
2001:867f:c23b:f002:c299:c740:942:bbf7	2400:7c4f:b694:1ea0:95cd:7754:a609:540c	6	1	80	62200	3	192	1	1492006532.292793000	1492006532.314782000
2001:8dfe:460:c1ff:a4f8:cc07:fd00:40cd	2001:867f:cad2:c0df:fe01:6:203:fd02	17	1	53	58745	1	377	1	1492007658.136521000	1492007658.136521000
2001:867f:cbff:c0dc:3e82:c18:61ff:815e	2a02:510e:cc6:ff3c:1f81:f000:621f:e4c6	58	1	129	0	1	64	1	1492008001.439784000	1492008001.439784000
2604:65fe:83f1:103:e05f:f01f:fe00:3e5a	2001:867f:cbff:8161:febf:cff9:eae3:fe23	58	1	3	0	6	864	1	1492006624.393272000	1492006672.770917000
2001:830f:b7d2:3a0:3fa0:f019:81ff:c2e3	2001:8d2e:4413:3fde:3d9b:af30:9c1:b5ed	17	1	53	57232	1	94	1	1492007506.233060000	1492007506.233060000
2001:867f:ca9e:c223:dfbe:ffe:7c35:bf1d	2a00:fed1:e071:7e5f:e2b0:a88c:c9d0:5793	17	1	53	34873	1	96	1	1492009169.145591000	1492009169.145591000
2401:2d01:30:3d02:df5d:3fff:9cff:bc13	2001:867f:cbff:8161:febf:cff9:eae3:fe23	58	1	128	0	3	264	1	1492009149.142013000	1492009157.145028000
2001:830f:b775:fe22:dfe1:c1f:fdfc:3f38	2001:867f:cbff:9a46:1f23:3c18:7cfc:4383	17	1	53	18903	1	179	1	1492009183.255821000	1492009183.255821000
2a02:510e:cd5:25c:2181:f3ff:fe15:4b10	2001:867f:cac1:d121:c160:3006:63fc:1	58	1	128	0	1	64	1	1492009185.091566000	1492009185.091566000
2001:8dd1:f0d3:c17e:1e0:fff9:9e00:3ce1	2001:8267:ab90:ffec:219c:cc18:a470:e7c0	58	1	129	0	1	64	1	1492009198.764487000	1492009198.764487000
2607:2b00:4bd0:321f:e0e2:33e0:ff:fefd	2001:867f:cac1:e6b5:e0a3:3ff:e203:c176	17	1	43024	53	1	83	1	1492009144.815020000	1492009144.815020000
2001:86f8:fc25:362:e17d:c007:9d03:c29f	2001:8dfd:bc0f:3bf:e101:33e7:ff03:bd01	17	1	54499	53	1	89	1	1492009172.793505000	1492009172.793505000
2001:f291:33e1:3e20:181:c07:9c00:3eb2	2001:867f:cbff:c0c1:2081:3c19:fffc:3e02	17	1	13868	53	1	99	1	1492009141.929036000	1492009141.929036000
2600:6a61:4b8b:c31f:c161:c1e:f49:25f6	2001:867f:cac1:d121:c160:3006:63fc:1	58	1	128	0	1	64	1	1492009150.607442000	1492009150.607442000
2001:830c:acfd:3fbf:de23:c3fe:1c03:ffcf	2001:867f:cfe1:3e1c:201d:cff8:0:7cd8	17	1	53	50534	1	844	1	1492009153.483607000	1492009153.483607000
2001:8186:8060:2e3:de5a:3d79:9edb:fe09	2001:867f:cbff:8161:febf:cff9:eae3:fe23	6	1	53	48808	4	368	1	1492009169.748197000	1492009169.897168000
2a02:7d36:400f:3e1a:1c0:7:8ef6:c2c1	2001:867f:cbff:c0dc:3e82:c18:61ff:815e	58	1	128	0	1	64	1	1492009179.859937000	1492009179.859937000
2001:8dd1:f0d3:c17e:1e0:fff9:9e00:3ce1	2600:6a7a:cfa3:143:e0c2:fe6:d936:f888	58	1	129	0	1	64	1	1492009149.722832000	1492009149.722832000
2001:867f:cac1:f31f:7610:eed3:babc:8842	2400:f7ff:f477:3cc1:3f22:c07:d31c:549d	6	1	48299	80	12	1095	1	1492009191.122396000	1492009191.389963000
2001:830f:b7eb:20:1e9f:3fe:7f00:7ee2	2001:867f:cbff:c0c1:2081:3c19:fffc:3e17	17	1	53	55049	1	91	1	1492009181.573809000	1492009181.573809000
2001:867f:cbff:c0c1:2081:3c19:fffc:3e19	2402:1581:3afc:c35c:100:f007:9dff:83e1	17	1	53	64639	1	287	1	1492009150.113204000	1492009150.113204000
2001:867f:ca22:3edf:e001:3e7:e100:3e2	2001:ec71:b3ef:3c4d:e1fc:33fe:fcce:96c6	58	1	129	0	1	64	1	1492009186.085363000	1492009186.085363000
2001:830f:b78e:ffff:e061:3fe0:1d03:801d	2001:867f:ca9e:c202:3f02:c001:9e00:3edf	17	1	53	58343	1	682	1	1492009147.737875000	1492009147.737875000
2001:822e:60:1d5:e15d:33f9:83ff:bce1	2001:867f:cbff:c0c1:2081:3c19:fffc:3e19	17	1	25723	53	1	90	1	1492009153.468710000	1492009153.468710000
2001:867f:cac1:e6b5:e0a3:3ff:e203:c176	2001:9890:b93f:8c6:1fed:cede:611e:165	17	1	53	32714	1	144	1	1492009172.982562000	1492009172.982562000
2001:867f:ca4a:3da1:3efe:3e1:8251:fee2	2001:8dfe:460:c1ff:a4f8:cc07:fd00:40cd	17	1	43571	53	1	100	1	1492009144.056952000	1492009144.056952000
2600:93ff:a997:8b83:e043:f3e0:1cff:befd	2001:867f:cbff:c0c1:2081:3c19:fffc:3e17	17	1	53	53821	1	383	1	1492009156.364046000	1492009156.364046000
2001:8dd1:f0d3:c17e:1e0:fff9:9e00:3ce8	2001:863f:806e:c35c:162:f01f:9ffc:41b2	17	1	51176	53	1	93	1	1492009187.102340000	1492009187.102340000
2001:867f:ca9e:c223:dfbe:ffe:7c35:bf1d	2a00:e950:77e9:17f:de9d:cff8:1eff:bd3f	17	1	53	6651	1	169	1	1492009182.552884000	1492009182.552884000
2a00:fd61:f810:b747:df2f:fe1:80fc:3ee2	2001:867f:ca28:c0e2:dea0:0:6000:3c14	17	1	53	49374	1	352	1	1492009189.123777000	1492009189.123777000
2600:6a7d:f79c:c23c:20ff:3c00:3696:9ded	2001:867f:cac1:d121:c160:3006:63fc:1	58	1	128	0	3	192	1	1492009071.772041000	1492009191.763761000
2001:867f:cac1:d121:c160:3006:63fc:1	2001:a630:37ff:c0ae:21a1:cfe1:e3a8:12d0	58	1	129	0	1	64	1	1492009159.744132000	1492009159.744132000
2001:867f:cac1:d08c:3e3d:3018:6307:81fc	2606:d40e:387f:3e03:e03c:f019:e0ff:bc05	17	1	37110	53	1	102	1	1492009179.230907000	1492009179.230907000
2606:d40e:3b96:f80b:cdf7:2c2c:18d8:8f7	2001:867f:ca28:cedd:2fa7:4393:5ddb:551b	6	1	443	50027	16	11703	1	1492009154.188999000	1492009185.193221000
2a00:fd61:f810:bf8e:3f21:3f8:1f03:c3fc	2001:867f:cbff:8161:febf:cff9:eae3:fe23	17	1	53	41596	1	124	1	1492009177.042269000	1492009177.042269000
2001:8038:c401:fde3:ffdf:fe6:6100:350	2001:867f:cbff:8161:febf:cff9:eae3:fe23	58	1	3	0	39	5520	1	1492008979.737988000	1492009196.425672000
2001:867f:c23b:f002:c299:c740:942:bbf7	2400:7db7:9654:c703:ef9e:4f4c:c870:b85e	6	1	80	56858	3	192	1	1492009148.025171000	1492009148.046224000
2001:8dd1:f0d3:c17e:1e0:fff9:9e00:3ce1	2001:8267:ab90:fff5:21c2:c19:5a07:ff65	58	1	129	0	1	64	1	1492009149.924971000	1492009149.924971000
2001:867f:cac1:e6b5:e0a3:3ff:e203:c176	2610:8266:806e:e7f8:3f61:3e6:103:c13f	17	1	53	16975	1	256	1	1492009143.273155000	1492009143.273155000
2001:8dd1:f0d3:c17e:1e0:fff9:9e00:3ce1	2a02:fdfb:3fe1:1bf:e0fe:fc00:1d01:bd8f	17	1	53	56238	1	103	1	1492009158.395243000	1492009158.395243000
2a02:510e:cce:ffbf:de81:3c01:82e7:5156	2001:867f:ca22:3edf:e001:3e7:e100:3e2	58	1	128	0	1	64	1	1492009162.058100000	1492009162.058100000
2600:6a63:876:ff63:de7d:c01f:f85c:1245	2001:867f:cbff:c0dc:3e82:c18:61ff:815e	58	1	128	0	36	2304	1	1492007042.778006000	1492009142.443183000
2001:814e:b8e:df60:a69b:7b30:150:8f94	2001:867f:cac1:e6b5:e0a3:3ff:e203:c176	17	1	37997	53	1	87	1	1492009161.975538000	1492009161.975538000
2001:8dfc:cc61:c33f:ff7e:1:8300:13a	2a00:e1f6:6c7e:225:c07d:fc06:3:8103	17	1	53	58219	1	1085	1	1492009144.312749000	1492009144.312749000
2001:f3ef:3201:fac2:1ebf:fe6:1dfc:84de	2001:867f:cbff:8161:febf:cff9:eae3:fe23	58	1	128	0	3	204	1	1492009194.224206000	1492009196.226873000
2607:ef81:fc70:fc7c:3f22:7:80fc:3a2e	2001:867f:ca9e:4053:5b73:b485:eedd:6ba7	6	1	443	50729	16	2728	1	1492009171.069295000	1492009176.747018000
2001:8196:f004:c132:ff40:cff9:9ffc:7d1a	2001:867f:cbff:8161:febf:cff9:eae3:fe23	6	1	53	55128	4	481	1	1492009159.860859000	1492009160.335507000
2001:867f:cac1:d121:c160:3006:63fc:1	2600:6a7c:f004:c0bc:1e60:f3f8:a58f:5858	58	1	129	0	1	64	1	1492009171.801831000	1492009171.801831000
2001:80c0:cff2:c177:e182:fc06:7f03:fefc	2001:867f:ca4a:3da1:3efe:3e1:8251:fee0	17	1	53	60188	1	105	1	1492009145.183831000	1492009145.183831000
2001:8dd1:f0d3:c17e:1e0:fff9:9e00:3ce1	2a02:7d36:400f:3e1a:1c0:7:8ef6:c2c1	58	1	129	0	1	64	1	1492009180.642696000	1492009180.642696000
2600:6a6b:7ab:3fc:21a3:ff8:1c11:588e	2001:867f:cac1:f31f:7610:eed3:babc:8842	6	1	443	34447	2	175	1	1492009192.926998000	1492009192.927000000
2001:867f:cac1:e6b5:e0a3:3ff:e203:c176	2600:7bfa:fe07:1df:e066:3fe6:1f3b:fec5	17	1	53	49444	1	261	1	1492009159.800904000	1492009159.800904000
2001:8dd1:f0d3:c17e:1e0:fff9:9e00:3ce1	2a02:510e:c7a:fc09:1f9c:fc1e:25b7:5017	58	1	129	0	20	1280	1	1492008018.074718000	1492009157.956368000
2001:928e:7bff:1dd3:e1fe:cc1f:e100:1fd	2001:867f:cbff:8161:febf:cff9:eae3:fe23	58	1	129	0	3	288	1	1492009177.076192000	1492009179.080990000
2001:867f:ca9e:c223:dfbe:ffe:7c35:bf1d	2001:8b18:f23f:541:fe81:e5d:8139:c005	17	1	53	30798	1	92	1	1492009155.528174000	1492009155.528174000
