553406.70825247
6.209288661933614e6
54613.7174072839
2.2555486950224686e9
6.680244478290128e8
7.216631295205621e7
570926.9014533875
1.2952195585612175e6
23.792803682591195
3.6687953463070946e9
2.4473433465105364e8
2.2142715643156912e7
154656.9238809244
349.5581070282977
2.1519324561382297e7
501689.46001544804
10025.837906670371
2.0356947795814688e9
314407.42129024013
1.0638084296038543e8
14579.847969718396
4.0538546072586906e8
4556.453331582154
14512.148700321346
3.8127438136439824e9
263.5144263462646
136999.2161408549
5679.377107662986
12.118213006368608
766155.3054685756
544.0218851890558
55027.29405509859
41667.302226970634
1.1243017190083067e10
531784.0158569338
389.12630606227003
2.67780054999396e8
6.477490771498056e6
516.9801118493915
3.1719341568733084e8
11437.803103846263
280187.5313041861
4.603114487993952e6
1.2890316290427036e9
8.045279093588333e7
1663.2151259362918
3.108001875663421e8
84096.17156515384
9.197868089973602e8
2.834887206143188e7
1.865583853025563
2.5210128305695606e6
467954.3233324682
84.10629513204576
5.565445416878682e8
9.342299140480556e7
8.062585360943934e7
1.6906930173609994e7
9.707037868457032e6
1.0164707040720046e6
5.3050389328949735e7
2.9736779364178583e7
834041.4215563381
1.3764803539873673e7
2.888675761804152e7
347046.21207716333
1.5074675623015368e10
1.9420509574302451e6
1.3981170258151177e7
1.316514521653531e10
2.2969171225095517e6
1.2259689395473068e10
1.888814919739313e8
8.110103114375603e7
7.350644999387828e6
19449.262271108022
4.199558319546567e7
740546.5830029454
14309.658102556106
2.083775454151677e7
17515.490277645447
168475.71758649335
210662.60824882332
4324.309050327535
75371.47697957236
9.482123726049114
2.234595574921957e9
3.2128126609085113e7
8.070863852080848e6
8388.206892931108
8990.83716580459
88657.92258608415
1.376603144055511e9
271391.9702235707
2.496692807054683e8
1.3535423025851223e9
1.259362492432871e7
1.0427351395018247e12
46221.74031411355
4.253624153640003e7
25323.123065128904
1.78305050619819e8
85.28278484614987
108364.09580628379
2.963288083495534e9
560799.7950498716
5.121731133578646e6
8.619545440568095e6
44823.332322308896
1.5477809455266146e6
278090.634090427
2.8700893027378554e6
1.3153222576327328e7
1.6545202249884166e7
44.25690602151475
9.706956028367916e6
8.13968379598211e6
61815.70435544134
7.601629003794453e7
6.805870020515676e8
490532.1139731524
8.014892581529517e8
242584.8753091367
2.0785833176490933e8
5845.025499092758
16203.011040752423
952732.0725896026
306351.14904038585
1.236130716332365e8
3.041082790213852e10
932.137469440499
1.8017066797591105e7
1.7133529301535423e9
1.9379747777469292e8
2.3098160903014507e9
2.1722227045891513e6
1.8011884688975387e6
1.4480568990660512e6
2.1546240028538876e6
4.627041076068281e8
8.881114456667778e7
71.88584261430739
1.3847264508133516e7
599.1379836916028
411466.3656764689
79883.0830087172
5.254203861101351e6
1.6361512376368666e7
4.215158694634606e6
8.668400616243015e10
7.29933080086118e8
2.309996091758615e7
6.226536946417395e6
3.603059027325981e8
4743.108621166123
1221.8596488234505
1.3503189089701133e12
1574.8180570193606
1602.7064912451651
521376.37282613653
7178.5857881400825
582461.6034377795
38828.16284237505
1.0770334370603506e8
1.8384080608310567e6
1838.033624895616
122841.33363433833
4.576715241664359e8
5.5674812338423334e7
72051.15185833508
2.7330713341738223e6
3.332604842502561e7
1.027686446658452e10
26701.821630658313
6.185008345617898e8
20325.056360597846
7.570074563869218e10
2.9154181162880394e6
2.4082856135802097e6
2.000533328316584e7
2.3457261212201214e9
10393.817581559662
9.581611197218958e7
469634.48938151094
68.13594268935027
1.0945622115405211e8
7.168676319692728e7
275912.9164686565
16724.288054352775
1.1345927837275201e6
985298.0583373165
5.664940130963649e6
2.7330745671360698e6
20620.317494085477
1.5293022100781288e6
91.05971419746638
2.8830897673638403e7
1.336826445506636e7
4.931251149014793e6
12656.66031082306
8840.027317721144
8.231903174301449e8
2.6469013573211703e8
596.8049709306122
6.303850856189835e8
2.2288781003363886e8
320.72720036643733
5.621514340381233e8
7.6517938155551255e6
9.95868011401193e6
1.2089472310513027e7
69697.5626814493
220876.73868557924
2.5195831452556586e8
7.889800902900208e10
295.8556184653267
1.5113814059853968e8
6.4824990707391016e7
4482.3925528673235
45752.94372897017
833856.8432105345
1.3986254321717625e7
1.0445613499659564e9
2.7328827090062257e6
35387.30118242111
576.3799819257263
2.3911376620950294e6
1.2690870751498336e7
2.280149518307406e6
6.383545630343848e8
230188.49789845906
50706.135677566825
1.5147988016762352e6
39831.4368575311
61088.998653356226
4.588530527823115e10
453.30890225836464
70398.38975104543
4.24876942992109e6
193479.27027452333
163713.0701506105
1.2481259378731463e6
3.5183484947170963e9
591464.7855102173
5.23767662028313e8
6.386438830189038e6
7.330096512668391e8
2.0061180568576217e8
190343.03132539158
13104.57969141249
3751.9465805562477
1.2085057599180874e6
2.0394574300510278e9
22189.272277698867
102753.87022060703
5.62793235914975e7
1.4105669720735998e9
254.0618760100113
3.154568639462594e6
3.9477214126846497e6
3638.3988924576074
351603.86362900847
1.1215499624905987e7
4756.424329739225
533201.2245081892
141424.43619873596
1.2703698574206467e12
235101.24187704216
1.4163210982790392e7
14677.970853497494
9559.17689900716
4.458306531199794e6
2.9681288994770083e6
31025.6669271115
4.048017118359174e6
1.489472332202797e10
50642.76190795962
2.4708403972911723e6
2.0498701795369056e6
7.457828162483373e6
5.267175466753547e6
904867.4237105796
1.8481302194252466e6
106.09452105493436
3.2883271348966584e6
3.9126189666252494e9
465137.1359684586
49.907020462737556
23936.486160687287
1.4545658759644892e9
850236.8131822329
555236.9218217939
234452.59122099678
830626.6604528006
4.354371858527718e7
5036.954136378503
7.836421096316212e7
2.482128706191413e6
2.3922093813327646e8
312965.67477264925
3.1219945912695117e7
37614.6594457137
5.073263903712842e9
126261.11329796008
3.261598707402406e7
3483.9811962836307
3644.156230319991
306.3442590827622
220223.91880880395
1.5245901733954754e8
5007.142581891203
535147.8908582319
5.27729891853749e6
3.1718274127424e11
371690.40209308977
3.627642106886047e6
45371.56271741159
100714.71369018634
5.080802777461534e6
3.2293240106093273e10
1.6148794972958511e6
4.325856895797543e6
7459.028880730082
3.1990207326266266e7
251912.90576639902
2.9365468187057506e6
2.8236919762304123e6
3.1134670279422915e6
4.073177741358826e7
81696.40773693637
1.5823480308321693e6
37230.39986186759
5.823234239230566e8
101985.96041655193
343.85172073451406
25043.753124475847
941958.1435571309
753.6392364438251
23212.18585931021
24656.394053995613
7.120434045457646e6
1.194048620572126e8
3.4197054673707727e6
102.8883468004119
2.5485705336774457e7
5.393056541671911e9
5.0150044553483194e8
4.328999473504255e8
55296.34292050039
1.0334952795967379e10
2.1640230445873397e6
401183.5064505474
414147.25242672564
5600.02196554021
6017.5589596286545
401406.17706116004
1.0914858732598095e9
334011.7053497434
348.4353620155738
60.39226763246593
5.350525919418673e6
585605.620759332
4.176628231043797e7
144503.3805716346
1.5118473932451457e8
14089.978950102537
183509.98446242386
2.227321240425857e7
43.94290241290533
2.103639858182031e7
1.6048976491443755e7
36969.811565072334
282191.45689445216
63534.74419974806
285.2223357622552
152098.42279583306
1.100797138544786e9
2.5357236338189483e9
222055.83532630274
6.154289536247806e7
3.749678626522391e7
2.20347906826052e6
8254.239931021539
1.0300972092894159e6
1.3497782305819857e9
1.1087318968686725e6
118654.02328682372
5.385828601770238e6
801.5099461933025
22968.141847477094
741922.5215386519
2.7868167379849744e8
1.6458015925454862e7
5.3207761563966495e8
4.250125668716608e6
5493.914620786945
11789.097948565573
547326.2002339397
15157.618646026078
48.55362143479351
280447.79150325403
1.7040397984179717e6
1.15251906102567e7
2.835093340993866e7
2.3336307171507855e6
186542.40869327768
455507.88269900373
5.323559584080087e9
1.148603750812244e6
1.0793043164319545e7
263201.0363331673
1.101457834552707e8
1.6319882545964043e10
4.618336325127796e7
2.1492356911190685e10
378597.903532388
1.5562038209966844e7
10630.676158368038
65298.35148755741
6.794570749914509e6
557.1722636568891
2.140879700321759e9
81442.29133248345
194384.98832478854
1.753445546175234e6
5477.15287042231
6.135221111633953e9
4.337405691724944e8
18.795479731153023
1.5728961629185579e6
2.378590840109253e7
4361.728707620768
1.6626582414350137e8
18887.69032041177
1.4563577376738126e9
1.1400038181343003e8
1147.4960890864495
1.419339959612302e6
2.843050523282781e8
1.9501097611333787e7
14681.965180381323
362287.385969834
661856.7762349362
2.216305291760931e8
127917.68121749896
273698.17243904475
15485.984451544035
3.2727035086544e6
1.5039879310071513
51107.22446720977
4.224481111512468e7
8.241338837706682e10
1.4610270633913698e7
5.04805357767412e6
36284.16185491904
3.0230156220806263e10
5.7846166067935356e10
1.4355005954858917e6
25903.035591190415
3.5793306465597292e6
70479.77355915234
418824.1345919852
306079.17857460596
865735.2796843485
5.024102224219066e6
7.554981062327415e9
6.0580125780678e7
7.857163124248976e9
791004.3719671391
318584.90469564707
1.2325922230111623e9
25547.61196921377
3.431919107760599e8
1.1879802302248186e7
32425.29854575605
5.781107508360279e8
1.0000470212845136e6
4.345174853018934e9
1.3495860225509785e6
2.310560630233612e7
5.077710321807669e7
1.6629727045744644e6
2608.528978910631
477.870590523821
4.1874641319632917e6
78775.87681986434
1.429414277941397e8
2.465656526902682e6
18651.53484341479
1.0444233899781975e6
286.7382437206734
6776.792400737089
2.9892316682956226e7
576951.8559561949
3981.064459126973
4.98629489951366e7
459.50150714861786
1.8331420863666836e7
2.1045310694395927e8
1.3175500250102435e8
1.402189799261352e8
1.686821779707257e7
1.4866045824610533e7
9185.959253015795
2.762342454593973e6
940.5944962004836
111735.91855849637
556.5485801714664
8.272689227121248e9
1.316768152571513e7
1.5260677968455708e10
2.3036151632380743e7
1998.4444149299852
2.947730460768442e9
25855.827555863332
1.7074395165384892e7
4.618901842229402e7
42846.364217230075
327.6126761876668
4.424693180405564e7
4996.556375533424
5123.241834900106
303309.8698655157
4.555568600475039e7
896615.3653237052
72982.17284533814
218007.01248244147
16480.53163201715
5.835514920189128e9
2.19934481790683e6
66550.81267072781
548598.2662927683
4916.342243831137
395167.3755618974
3050.50653174907
8.711205378803661e6
106749.26588914814
35808.86728607259
1.2121455100763025e7
209537.51013815185
1.2711151496890252e7
6.0952177885713605e6
249731.21287838055
5.595085208932088e10
1.5749855633360615e7
12040.958977162956
1.4010972642557067e6
5.116953542646949
82740.32140641678
208.72382222422144
7.707200710837357e11
870.4652362491018
12761.594092333355
20387.22945426308
3.760668912395482e7
10233.84935943913
1.769049207095253e7
11970.043509623194
264343.76997758605
481202.61035261204
6.157228595114233e6
3.218680994217564e6
70761.78568618055
7.094090089589333e10
8.718369806537244e8
4.446387444820613e7
999966.6367370043
8.692963781585284e7
20221.068464981377
6.474759796999552e8
4.362069609747608e7
6.181272535629532e6
4.257846538724504e6
9.403244635934021e10
1.627588953051629e8
1128.5963955508873
1.291357467091536e9
1.6914987636721805e6
4.776443296557623e9
2.851451258065263e9
232674.57650998537
187437.77644127345
1.4805103347454292e10
570786.3611741803
5328.82564700039
144198.38885683788
24719.8708754562
413.07290483179906
1.5358899929756103e7
526886.7245090468
4.71773414334729e9
5211.1168481916375
43701.10334099731
4.319794593346781e10
24.53362643354385
8.729909453244317e6
85222.68066631514
349654.4706923609
3215.8293973618993
2.8739248583292714e6
21418.378640230927
1.5853445253973806e8
1.0839198415669756e9
263579.0633504758
454218.9361746272
738584.6607749138
9146.994713839587
2.004798769490849e7
52822.82749233738
7.656322498583277e9
1.1798347195065583e8
1.926534397119457e8
109837.94734755284
2620.441121042855
5.668822952755378e8
571.304180502022
1.949192711422191e7
27328.302919348658
29630.848891783746
1.640837374592512e9
11638.669030999221
3.702993218739083e9
2.2838354124979615e7
226547.232644636
2.858154392949109e8
6.878450122148745e9
1.0606340444905553e9
4323.056834661545
2.4666795934118056e9
514718.6049620819
9675.013535681259
307613.5294238198
4.527951470602584e6
81257.41958455494
7222.531622611425
22397.739189921376
1.7860619337819044e6
1.1119443513185684e7
1.3155101850694716e7
35729.80040784204
2.984400836697602e6
1.3055716231216236e6
2.924936909892146e9
185.73898755756733
11354.842727288938
238370.9946962681
640780.5404633194
2.9009226465701736e6
2.539107983721423e6
5.162179717046417e7
1274.9270296058219
2.157050131298395e6
1.237048083996449e6
1.8095247930938734e6
570957.7632122146
6.208168079060053e6
11368.462689672022
7.406714926829082e7
1.013497583296594e7
5.6564337988275655e7
1.4227523307787392e6
12383.596645598303
4035.437205988444
1.0086707053040661e6
4.946714067468244e7
9.57840283616558e7
3.245203345341551e6
2.048069290789547e6
126592.99992898376
200579.00962298928
184820.96513506494
10312.9973886962
1.5934854981592461e7
1.8879527996715847e6
2.19397878762242e6
4.317851956188855e10
43956.90631658442
1.1529756200863285e7
321280.6328312316
3.251791002763807e6
9.071300562638533e8
3279.0706982927354
6796.479243209284
60.380187075908225
21898.880601292312
49660.379122478706
3140.2043177733517
2.1344472266473165e6
68022.69005207287
1.7732693818861053e6
18396.73285932538
2.9913025748009574e8
18106.07954562301
1.121706443689111e10
5.342067378208531e9
4.718767091242972e6
7.703605201897518e6
49339.13803153765
4.40877518195958e10
1.158772043857594e6
4.590435661561391e7
4.650274692293899e8
1101.0616693871268
164452.61122389685
51358.11962560955
7196.076320270798
834589.0827930092
434199.0786408781
222492.1712380388
728448.93715984
1.1775770487104782e6
4998.756995683557
28193.286749300452
1504.396852866894
394516.4475722079
1.6722877439093092e6
10573.802726436332
21840.275022588918
1.762440428716113e7
117131.58707871864
818747.2579945286
824733.5258506538
7.707432172541697e7
2.71759728781997e7
2.6704597492138104e9
904.8545970496984
4.1319142773763485e7
110830.19714429295
5.205217387379893e9
8.490363375394821e6
857929.4479296968
2.4191531186175394e8
1.4966600762702986e6
3.1996599264436057e6
8.85010787919636e6
6.980894006270213e7
4.06318514523459e7
6.956840192303531e8
662.8280283720726
79013.81654279689
1.6122693351214336e7
210.35203821404562
20188.03395792618
242665.11547333188
9.397077431112597e8
1.0432046972277958e7
429293.2007011901
8131.428797928624
8.386696881918271e7
6.53144589860624e6
7.729541420109227e6
489.69560330034795
1.7679350169766247e7
2.827453822482224e8
2.045809329786103e6
5273.865796086326
7922.840800276359
25949.983255408442
1.2006904465243486e8
6.83898446200557e7
433481.5937458053
5.51161690236028e6
1.112280147518752e10
504909.47940090415
2.5436463874461487e7
3.673032203760784e9
46890.419464975996
4557.268922385281
4.542608280245644e6
7.593931836308205e8
756702.2499291654
83199.84856119382
2.783209933773758e9
1630.4624159122893
4.151512901650168e9
27396.63129069743
2.51321076725033e9
1.7007998288524328e6
5.4208832968905133e11
2395.7895021556415
937627.6402647301
1104.7072201325793
5.490325507036225e8
2528.195125722279
2.819502136482526e8
9.876232873870787e7
4.8627570900349006e7
298813.2627872472
451927.64785462036
95552.42757446563
8.032986083026108e10
7.594338308890009e8
3780.867229204203
42346.17128014379
150690.39506622776
8.471591194602523e6
266139.25868335826
1.3070420242421536e6
242.2860888734737
2209.258920869279
434695.5874217664
474826.02963622345
11.530292152849535
64719.82866037731
1.4223884670485672e8
3814.390980504296
592454.405284264
37044.14404939202
140926.755361185
1.2540212125329264e6
196123.5435546188
2.776026386278549e7
56333.94350223446
1242.6978672002099
6.653721731446814e6
560574.3927617263
22284.572356374083
3.757781419013401e9
637463.2413221159
8.348268184825333e9
1.186481974871091e6
17883.028081812885
9.005738468862038e6
574856.2944692265
7539.304866825195
1.485427685102116e7
53.16233758537627
1.0297605737587495e8
345628.5076079617
1.823185313758717e8
3.676432257340806e7
2.1157563115168564e10
2.9596955639083344e6
97857.07535263356
9.799537815191668e7
3.0554854061913514e9
1.8980046091371843e8
73164.59853412054
82648.28118077785
6.142571197781368e6
4.040186010769129e6
830778.5858869954
189015.1874916907
1.7443107456735957e7
2.3043860664552126e7
671015.3019587143
553.3221524758118
5.009144277199449e7
123.6489069179678
1.317642129443462e7
643705.950776483
3.5981879246845418e6
249234.8938466278
5.986280063110319e8
1.0313647294039683e7
8.018874367572358e7
4.152644264222954e8
41160.04505260695
51659.08161959509
3.369613449299475e7
3.5816299475459685e6
3.882670176544365e7
1.5060243821244189e6
9.098622597923495e7
29173.542716210937
1.4702108633778146e11
5.32895466290696e6
1.5554930549732912e8
213946.13888635513
44572.72225497946
2.914961802637451e9
10629.717912716475
521396.438707467
5342.820416144894
1.0707490650874246e6
4012.7910074370593
6.298806466756343e7
1686.7287779376354
29316.98181271917
7.068052058615465e7
51.99773994141021
1.9791574277489398e7
8.347008368027887e7
3.6624070788567203e8
240977.01882251026
5.791795395358716e8
1.4319333287758777e7
6320.556041663277
2.334299096076708e6
659431.4246491239
237206.2660990327
1.9189155762392193e7
1.486198276469016e7
2.24368314299631e7
88.57690018588855
4.775665545165351e8
3.8767557750289124e8
415901.87940415426
285338.05952379387
1.0797761709621693e8
1.1256146204428575e6
287.53779811083444
24041.401344980794
2.0289874338317208e7
373560.24852746475
14687.303354770425
2.8258122113355253e7
1.3091480873173144e8
129527.58415682559
1.5136589177812948e9
1.5037682171747482e8
298202.3119212872
59469.50680819135
1.6874324160286687e7
83679.51390395235
136287.03416648798
4.0506678027383896e10
3.0310621810636e9
237666.86038860693
4.825568302378818e6
6.698821536141177e10
35848.476326669545
2.640154705177048e10
4569.472882171825
24929.91187616689
7.679488410823652e8
6.336503877939641e9
1.4261473484324217e6
478581.2044195773
3.675434090835769e6
172761.18802737727
2.6097116916334376e9
3.423628011901601e6
64.31985286273219
1076.6918056770933
29180.0727588476
1.4106689066318718e8
3.312366352221451e9
1.3088614716802048e7
56026.81437414726
240.194301045451
136056.40611804218
3.037504827791703
13483.164207545704
3.4717333905360204e8
2.077665947584187e7
35912.5177846474
58976.08537462995
10315.232839271603
958415.600073227
1.2529519469581569e7
1.2521465059957335e9
46965.29524664666
3.404959922017108e6
5.208526799845394e7
12294.912488982734
1.6121265418312817e6
5.0377932817302346e7
1.4779915871667674e7
3.9384791982372007e6
6.825571365048944e8
809.0088124696815
4.517844489732219e8
5.795289940840193e8
1.531861518063107e8
7.309405598237834e10
6.564750231859146e6
9.21060042383902e6
2.1600413476839126e6
9970.829150384969
1.2985133317571785e7
40858.75659874105
4624.327588784118
1.0312827916986738e8
576988.5288026355
8.887001377808424e9
3.939581923149414e7
1.342843351652207e9
16214.679543841385
73329.09004642034
4.52487516779078e8
1028.7220035922398
3.9253638374873423e6
168032.80170688685
1.0883482836653219e8
7.498990783882854e6
3.180894595075428e6
3706.789878659078
1.0958648714295325e9
7.109725055449404e7
1.5122652637252712e8
6.086500231931309e6
1.838807470669502e6
159556.90618702123
5201.191107258926
1.7627200105150613e8
14240.24774105946
944.2094913427413
2062.878699601003
5.931801467892209e8
3.4826789644528076e10
6.274931218992249e6
1.647039016543391e7
27012.099456266442
4.5436905704685875e10
3.3503088701475606e9
2.0593911772012173e10
17698.736628857863
30776.615627959036
19153.65551803315
3.6832000082816435e6
3.604134809285346e8
3.508634459973744e8
14093.488944513194
3.266848026150516e6
219990.55319900476
0.7353870637539647
8628.884656772278
1.6512733328115612e8
2.1427387265853462e9
17247.184169157703
3.325704525931283e10
1.775964024598919e6
4171.879194795505
8.210011043823969e8
4861.7154609966
85523.21530315791
8.583405387231372e7
5.160537245913695e7
1.1138396714492729e9
2.9361118192658266e6
4.96309607891856e6
97402.12257330844
1.6252915031043182e6
3.236509735755253e7
28261.202096430334
1.1243506126423674e6
6.059135578659136e7
1.5460343338745918e7
2.4454167087173825e6
686587.4640409919
468.9211318411781
2277.6259365460696
1.2865108326547713e9
47.849271476791536
1.917196902957161e7
255.17532592188834
1.1791673392157793e7
43416.55570038992
29693.55737451255
5.2075348678167284e8
185121.44646330128
1.0822559223968394e6
41515.52630225341
1.0314637949483782e7
2.9641282113590113
1.100653989702395e10
198859.0128553853
6974.237410699196
7.353831377298203e10
4.0386257061895496e8
4197.686554333182
5.319912266111627e7
5.316532897817176e10
46650.02227974646
5645.160435621205
3.480025750680986e7
4.3068069075503275e7
1.43839867407915e7
458463.0068617252
3.7780131661253255e6
419556.05159808026
5.0293315957776874e7
764732.8004151551
14768.671631626568
123811.07536552669
1.4261179952024474e9
683457.9431067532
22.965673991183262
243679.34136692496
689577.66176299
2.6817551868852978e6
47276.65770744271
4.858448926321718e7
1.8416754832937839e6
3.525591435964749e9
773731.4208552459
213326.17853012274
21147.1887083411
1.1616561767649315e10
214164.16655363297
1.6229696615009017e7
1.254889448043877e6
33607.04983941493
512458.4166131432
311027.62005665037
885490.3666464088
484756.46464824316
1.9033717837506968e6
3.472810606095295e6
1.1531305587571203e6
56752.63737200016
130840.2237644393
169184.43653068403
16.552694014325958
3.4418249429236925e8
3967.353315118489
2.8711208397440262e7
2.7359154879724646e8
5.645354203259639e6
4453.9079264186585
9.199841732297983e6
2.7315275621221323e7
13511.13114772994
7.520478817359216e10
275366.35904018785
2.9264428648460455e7
1.19525918277663e6
817915.0354299459
4002.640693298347
561960.4629631524
26.810557321554583
4.233462241263103e6
43362.45977086462
34499.841449604195
7.539763075689394e6
387004.3178147707
23359.03504281198
68564.4717303121
2.406002774348707e7
367439.7446991129
197536.51326357553
1.9617210071823993e6
2.1919685182403782e6
2.4925868942984734e9
1.2769825041934669e7
6.073039489458505
71881.98113508748
2.0399834749594357e7
1.6577096974322929e6
219521.88721009184
1.0234219795635375e6
3.8764245919618993e6
1.5818438455590928e8
21389.06783400913
15359.228196820677
3.691114778729996e6
1.4843453214613248e6
668117.4907481165
737576.2407065803
502621.16070544237
5.158976994805173e10
2.975560139830488e6
2050.650885187297
4.019798439196956e6
5.5271427040551595e7
155205.4635427821
6.998454960592581e7
6.5274576109433435e6
2.6704183096200377e6
3.801000117159419e6
17928.352358005453
126629.39535998208
1.1809989166524817e8
2.173694953029101e7
413454.1432403063
2.9411778178998835e7
1.2388381563204993e8
3.356212009643174e7
1.6950135796414933e8
6.2099476472902335e7
2.517957648103605e6
4.733550987382278e6
1.1338352890638923e6
4.655205823315408e6
1.8041952190238765e8
262308.5876763959
296.48659251656306
6.133474049499621e8
438274.4812975525
318299.06609291164
2.630637222894076e7
1.3470994178727844e9
7.894394035674882e6
2.6338405271959826e6
2.6156068221210605e6
2.1151996589129522e7
2.3778755041721964e9
820496.1929230936
6.480697046218339e8
2.303036401050582e6
3.591919640522565e6
34928.415298305226
15511.885089066598
460472.2884458728
5.865195403791921e6
727116.532690056
11465.377827155266
2.8334684629793496e9
1.527334123074811e6
383315.43602549646
1.4571377933639658e10
2632.6584148139227
157.334619742241
1.3017800262796443e9
9.944114346043825e7
1.4662064220268812e7
37425.198175782236
1.0601998676967677e7
6.088080061102848e8
6596.7639122703295
162065.3091676334
9.579873261705457e8
1.6449127548873521e7
2.0296310701102257e7
1147.9181799969392
17569.446829713153
48227.536112927184
5.56529606672076e7
3.2652408072610505e7
2.9624172120130267e9
2.642659008960322e6
352.5753422431475
1.2477838647857053e7
1.6703795483693445e9
10433.321159614987
167082.233784748
63764.39343677369
1458.3246812142706
146595.8381593489
54614.31327129557
5.227330958637307e8
90.74991946386028
8968.334353264576
238479.09091006967
1.253733329724055e6
3.5193686609978885e6
1.0762620113816947e7
1.7232101425693624e6
40148.42569088481
207792.96671230605
39897.85026938544
1.1496299421739244e9
4.773830032038485e7
1.933422038306147e7
1.935855210650865e7
962.9888828616769
5857.224199419116
4917.390071587377
1.1114723139685701e10
2.9631067590933163e6
3.407953186570682e6
26211.896434733066
2.0698766495445243e6
15170.19836690426
639810.5857194106
2.7211349723624524e7
133148.73915641246
491289.78950559977
1.7758450931029752e7
1.724474549302528e7
1.0722863302108384e9
2.2554478100799382e8
22.661819733834584
5.5952011065977596e7
5.384120322013872e8
27416.482490084076
3.0616824433666106e7
23.79808175487801
30662.74184672521
18521.740925910864
2.239870828585095e8
9.54888298389749e7
7.2722866353435805e6
7.114105976021158e10
1.0105622742149704e6
6.322295255153889e6
847866.3169533679
191354.71435251928
1.0699539884631546e9
811028.7745524226
8904.737844394844
3.3484715264691778e7
54913.94800135356
2.1426213446778452e8
8.027132636694208e6
2.220443240756074e6
1.2685652342727263e9
3.055471611895385e8
341996.2714789262
631449.2080541434
136542.31876987973
1.5844236948864236e7
1.6844666129325535e7
21046.94954068391
10180.902498418633
9.055970445192908e8
6.426439332361363e8
142298.67874695483
359.4769402255898
503200.72929978726
29331.069508316734
3.9488831726605356e8
98.61714196297878
384.6075054074035
1519.9310152805742
563715.6077663531
6.631310610215372e7
1.8661321550552884e8
1762.497825306297
4.361274810821801e7
2.0804006434268326e8
22384.523747777665
2.3141610733792737e7
3777.669536504755
5.250079512180684e6
8.228292703514985e8
131287.21933564998
2690.8467632909533
113173.60329283755
9.9823324368451e7
1826.6278021956603
190215.4145483563
105.50814874679998
3865.941825190998
17153.164696565367
94327.94445747577
3541.891132666389
2.546668219509656e9
3.2030965525653827
3.4916110448636065e9
2943.52930235789
163.01285678417838
645982.6276937977
53553.16169764362
7423.537165965095
169862.3469988036
5.081063648154227e9
8.82335346991163e9
1.2765219161142549e6
69168.714326842
4.8923986940842025e7
207128.96457838506
829675.1962008739
8.467543063185273e6
1.3970648763158398e11
143661.9302793032
1239.8279543047224
7.631537770213974e7
5.530404653127187e6
3.012182605015187e6
1.4050940850959325e8
2.108540610677901e6
6.105109840879114e6
1.1248295844273692e8
10714.969697568637
5.803015621903671e7
2.3422885809652185e9
136195.19220154945
67914.7740460347
1.0910661676705057e7
246472.30153382468
323564.63633641665
14.561465797822896
2.1512171383844923e7
2.0227589288938433e8
3.0236201308232816e6
450.39814243752903
3.1864586896095322e6
47858.01357247501
37923.39683127467
366071.88518751774
325734.0826858445
25.669882423691547
4.315455045158986e7
3.7720248437351453e8
12.053428321468129
8503.37590278442
6.452060332094565e7
2.334850867626485e6
206368.54102624906
3.253421358900622e10
3.0536807675082996e7
17095.216845557312
1.3128426806832854e7
0.23435745438250036
1.2099750674588206e9
1.1432021550216714e8
64243.87616842631
23.10355598033566
3.2209017081379795e8
177638.55836461962
51872.31890450716
1.459806203161705e7
7.748632245038562e6
1116.8504829009594
45323.34830518162
324437.89313496975
8.277945762706526e6
2.766175316110891e10
1.787044453438284e9
1.2877640557336801e8
549.8405649752731
54254.18824364777
2.07459233207391e9
7.705832593311156e8
15456.568247474248
111099.32295765194
3.45083993076975e9
2.2829685835354023e7
8.130811758031863e9
416401.8204437267
935909.0796291739
2511.8031607922576
145884.05172842654
10289.893306903448
5577.663144782437
41815.188777340234
1.0443831903416315e8
1.0220786342521591e9
1.1090401295040363e7
7.611469323860404e7
151945.45423291554
1.2064916449672209e8
266774.0855305007
5562.323289534639
1.7491947973607206e9
16592.23445310098
3.105818351704865e9
3.984557212762268e7
2.0403425536510237e6
199350.33564485167
89961.86768670719
8.622879576013169e7
3.457734867416513e10
1.5729759428380232e6
3.626213944458908e7
667577.0168062795
1.340107810863382e8
2.207118003676707e6
333.16365475542494
2.242496114312199e6
1.1281840064688435e9
137164.04227448284
6.562411953958168e7
981149.2799238234
6.406402802647356e6
4.0593758296698906e7
5.250133717138999e6
168.27048749936594
1.0843458992101619e7
340382.9940734013
2.383319004207251e8
5260.9042337010405
214.4945559305974
9.582062458022661e9
15684.190517926358
957123.0898020724
1654.340257006958
77829.80407402612
4.440731119520464e6
2.2633871536541742e11
1.6327268108968906e7
2.2013062684260057e6
2.6603095249526102e7
7.098995769109958e7
2.3614751085409876e6
16202.849760013454
1.3290038865874455e9
3.8649446210160903e6
260.8895620314078
1.262913626109053e7
6.669564571625052e6
69112.37384028612
5.424367879525522e9
9.34418394273167e6
28199.706973464843
1.4002871825441134e8
5.909332220609742e6
5535.814949482331
5.126827584125764e9
1.3128227450757641e6
968.588548732648
1.1628013443406553e9
1.428821479048527e8
1.1089234541440454e9
8.306313770949374e6
17053.376236266307
3.855582574155133e9
2.541732437205689e6
1.511438068575169e7
244.80413054307292
8.829161155580341e8
2411.9383083564394
1.379220114453074e7
13677.266975972261
2.7643512690648004e7
7.357865800624903e7
1.762474843803689e6
830586.2306917157
139652.69972848234
776.7826927465302
124301.90464937787
241936.41521021328
10332.289492545206
6.032566146966696e9
1.490711567575829e9
2.0284551323371825e9
1.3023847112302344e12
2.003950948796951e7
5.838009687498764e7
6.293857764476801e9
7.749755380284745e7
8.974343669509334e6
5.340946325003729e9
1.647985436065244e9
158.9241084617887
1.5673454327288568e6
67570.0073997242
3.836750305672861e8
229.38193584438923
310120.4605411097
13798.121873768998
8.196234126881428e8
65069.360776732145
2.6195275384700446e9
22965.456603140206
2.337030325794761e6
5.588517010948318e8
5.570270815869795e6
67591.34794616884
771137.4738055674
3107.1315700805967
816539.5331795919
10427.401600298048
450.5233718494101
9937.34761624163
2.4707075507885072e7
1.232669146384158e6
4.298763302243032e7
163096.90482860798
14851.730155879904
6.8059135866666455e6
2.0778039954822015e7
1.9082803895901048e8
77064.9252653412
66564.0149735588
3.413740718919997e8
5616.072166554378
6051.892547153939
1.8675694538428676e8
4.7738926379906625e7
1344.6803815923874
1.1207835295631196e9
1.1923496168198566e10
13200.727115153446
352.36081832277586
698.6056927709061
1.5145524258349356e6
5.49136632245138e8
327069.8325951628
113536.00400903233
1.4979532932679201e10
3.021720085992556e7
563.8925746806408
7.98197599047584e7
408.4887161776535
645655.4509647677
105440.82514053589
11395.734402392049
1.366624725370809e8
0.9431950600981328
1.1438206580158442e7
60231.43887470249
101095.15152551586
4.1567334015391464e6
5737.043818733278
7353.675806053313
6.380226678864684e6
307.7824712636942
14318.80337289503
3.7009469501389885e9
7.738007895807041e7
5.655868100327196e10
1669.8657865733835
3.5498029924705736e6
2.9238471982919895e6
304018.9747242238
59238.39968850748
3.0522549086835064e7
477485.42389522836
1.99617779248978e7
9.268969050221512e8
3943.7761891375326
19544.50085153548
187746.79641933527
4.873538853878592e6
1.3862192441672457e7
992688.8292748688
4.508571374006909e7
169838.97057394995
6.377090098637403e9
1770.7829384429035
3.926083093844797e8
15865.349841983347
1.0827773289907031e8
1.5279063757076304e9
73647.97364691593
107481.15200404622
569.7213363397669
2.3024939569158857e6
4.987032405155566e7
157171.8172679404
3.2656778958674274e7
6.823381547093431e6
13522.33791439168
8761.814828468763
7881.390771660121
568290.9324319495
16251.197322751248
8.83794669971416
52617.71253884048
7.784670818131123e10
3.7072170601007547e9
4.099450692682811e6
15490.404159671652
7.217866619174186e9
2.516150159021806e8
382930.85009675805
1.7215257093993872e6
1.3731116362782915e9
1.2258629941828665e8
64000.127219907015
559429.777390821
6.857931072376292e8
17977.929438334042
649905.6444822148
25418.51813908774
6.437093231794528e6
8497.6318204385
9.628472748042902e7
2024.1576385799603
64073.51658210492
1.886025343233245e7
5.061662802884563e6
709283.5020332213
33979.535542275524
37199.66254924404
2.5277821127506687e10
630.3633233075822
1170.612787282217
9.201200411394283e6
262792.59483080014
5.50067924372248e8
213168.25717775853
5.413990552815311e6
484084.0920160344
77542.5050530192
287061.1693518481
1.9424592797285458e11
494939.6174565603
9.594868225532534e6
6.329683156464369e6
3.5829601335000477e9
1.7462319369541763e6
2.2778011938443652e8
2.4671115953179542e7
7.74815944507285e8
1.0997203173349466e7
1354.4551884152772
563338.5415024116
5526.907464928497
114528.65286526259
3139.887829983645
1.4920818658191427e10
80.50695132513586
185639.7397380812
1839.8587621754803
2.5828045712164566e6
16688.594240339655
296395.31416234764
1.0935022647942228e6
2.3410470916754412e6
12034.915483753937
3.5708512246566312e6
6.568382498735862e7
3.8584430581081885e8
32847.84114402236
5958.6972833569
932325.1875128561
4.2147818933766025e8
5.323317209859302e6
9.532400368869933
377538.71939334756
1.4943256992057213e8
1.4188772530264633e6
2.832380283007216e8
371.2398448355612
2.145491670592094e7
4.0833883538562104e7
16106.789753660627
2.625848046925021e6
996673.9584460059
3.808253174621376e7
2901.0056503509563
1.1603977514762726e8
589045.5772935388
4663.758858133455
69759.58401704094
2.2936877632071896e9
546.9914677925584
42177.83055452135
115572.52753518584
9.58328251718515e6
17862.447149683103
46903.68365038607
6.61601169492301e6
2.1797809867238738e7
2.5656847551211906e6
1.661724187572461e7
6.387557458594147e6
4485.099717029763
10756.201073196142
143077.93608571088
8476.545344456455
437244.1510978858
1.0692506321124392e7
47985.58251196173
2.2250491501368782e6
2.6931148417148483e6
5.732770889139926e9
5.729681399106513e6
7548.977307505673
5.891312030285878e6
733582.1659602671
649873.72077692
689351.1241032153
7.6182335211783695e9
288562.11487884395
2.7646149870936516e10
4.188600122292836e8
2.5332034993659067e8
2.1516071874516113e6
227295.70450236436
3.3323637163520018e6
2.3013626038973345e6
186453.7505176454
5.003414094408845e10
104928.76871213042
23505.61930302587
1.7586133898687592e8
4989.014631705736
4.1896066020293707e8
457094.26624359685
8.429447638939038e6
253016.33342217386
1.8299224121114236e8
1.2035156258611316e7
2.723313579457733e8
4.864463535727588
2.5245326060051758e7
51545.24411582536
3.7766889931552864e10
7.299255645882107e6
1.9831704121366788e7
6.6364383766392194e7
1963.8760189008553
8.006059477342616
8770.514913991046
84353.10990966005
746316.6831776357
3.708890275408518e6
38245.65116292226
113.5173509777311
8.459916042273666e7
62665.10280638035
8.354802472997883e7
1.2935195738898031e6
306.8579091811542
2371.2743295960076
7.9789819856394855e6
2430.0217334851627
2.266656418911285e10
1.4276384167205684e9
8114.117635079344
38108.119542560125
3.8235587643993287e9
4.265788734203974e8
6034.2832176981865
1.443440703261862e8
2.776377317742685e8
5.842755243194706e6
237.87336542583742
499319.4388980414
7.882971004552306e7
12564.339777756164
15514.988810064116
549370.264781861
1.056293763004132e6
8.411561495279063e6
208.61049171327718
51970.589982880985
186516.4412035255
1.808821020180633e7
8.47530338557883e6
363.33089994997613
5.456157272786884e6
5203.11833018285
4.915764050818705e8
5441.739023380237
1.2482565617170973e9
1.0798914350726202e7
7.98246648260157e8
4.7375136995029785e7
6.037757725444098e6
6569.827312425121
36833.37635500865
28112.157689488122
23175.391535313698
2.4392563630512524e7
326497.28894489177
5.139049893011123e8
7.398272052315564e7
6575.154086367461
21870.740486942268
2778.277614514835
1.0449051098508447e11
361526.38823123445
165161.66223928196
1.1755100681389886e8
8.330842975113276e6
88855.21567380572
449259.41684193583
604.1684228052649
10297.169051101768
113.9090178471018
1657.596561867609
3.403682745780201e7
1.193861354189552e6
60403.79381105226
210244.10350712636
19205.28697580566
275020.00273103453
3.6644947705193376e6
1.2998081054925337e7
57013.63383561741
6.357863037616568e7
3.991038231982914e10
383606.7941935804
6.258327882652748e6
8581.695336400284
4.966691940507614e7
6043.768038941905
2.0172302018402833e7
266575.9225597912
33529.27463477172
2.0258542950623363e7
2910.845931750258
1080.0728417270218
3179.2099917227697
2.934614192295535e6
4.989155915994333e6
2.6469527260971586e6
497486.0534292585
6.387501273380257e6
125625.37438431248
1.338193372339529e8
1.0421005495880643e7
1343.0342403831191
6.529881999779047e6
3.349861211419836e10
464870.22955589136
1.2706493330515745e9
1.3421156812528113e6
1.2137024781267415e6
300245.8656694279
2191.7636489993483
1.5656740801387537e8
5.1815431423198305e7
59131.882863253304
8.355815000509739e7
1.4412442499813402e9
6.822629712656181e8
1.0479120446995758e6
432359.0261779378
2.231010216435003e6
2.3797833166406207e9
4.0159956751545615e9
5.159528811260553e8
2.342077375619754e7
2.107524572219436e6
6.3501891485724e8
2.7722243864543114e7
2862.063500427095
228.60896417640382
361757.077061216
45706.54445052845
2412.1726295567614
141908.99118311016
206536.34620297138
449896.9073722413
724550.2461061489
1.1095540471834755e6
1.9896385198973946e7
49031.82281158322
2.8854905606680317e6
1.6668966452530447e7
1.05591601135461e8
3.6965956441378784e8
4.594428825498719e6
1.5105654840982175e8
1800.7343451598913
215673.97543967873
6.704872966755246e6
1528.1800894411717
108907.86188776344
54333.443273395394
53396.711154052064
4.485838974038595e10
7740.356080352443
1.2526209452725217e8
3.222602833354937e6
1.635652639541031e7
6.336901599655931e7
3.680821723664874e8
1.3647584918174887e9
16189.974418659522
1.4317058109782042e7
25387.83240248771
8.946886542947583e6
71861.22506322815
1.4187172310061688e7
824218.049970406
211461.89794624216
1.281712894933267e6
2.74722483473826e6
354067.4660903142
721178.1656232616
1.3592817957345012e8
4.099908624941467e8
1.0666213125665953e9
65.28497916698294
527331.3624781559
1.6723040432579843e6
5812.485317284843
7.282027693993598e6
3.3899791651154207e6
1.3950854278119805e8
146914.069052288
3.0623933774136e7
9.14654297321905e6
17965.241556969817
329118.7847741401
2.0726067536074377e6
129212.59927240641
1.3611831736318592e6
1.42313152323541e6
188155.02193002604
2.6306777635237403e7
10752.725491771855
1.1464573086917922e9
221676.1839530777
2.0954819595346767e7
86794.15416869777
526330.950213403
1.3514152260644705e9
6.296978402553177e7
9.470481666788023e9
681.2284553023138
6.092203025174468e7
1.884761918299165e9
7.40580208086364e7
960934.3392573447
6.516764589609489e6
1.3929505875275316e7
1.8037066957290238e6
3.707435768436933e10
18524.952574022223
6.5839403248890355e7
301420.42169188376
923.6492797968208
1.6402108323385756e7
6.037603974332941e7
1.1045264073828126e8
545252.9042044634
2.546645794839331e9
3.3154698463247647e6
470301.0498556264
4.9891248567589834e7
4.6338001119496144e7
10951.088758585724
1.0121287823861865e11
793550.5913291937
1.373371303284773e7
1.5574057096751282e9
1327.6360239922244
1.3085206729807918e8
1.6040350089002639e7
3.9030559748021564e6
8.057617397486486e7
130701.52907062545
4236.21274279554
51.56913850060975
1581.3794434272752
8.204610840487027e7
4.713078328657094e9
8.358425409761218e8
8.958656395257562e8
1.2640032454773518e8
54114.29885313726
2.3732747292026386e8
1.9237682429420594e7
241420.94699456193
6.164278943015048e6
443474.66470981133
4.5236197194609714e8
16420.900165269893
1.3709659604048279e11
33152.35812197837
1.406982424161861e6
6.635051930598556e8
4.0677686083730176e7
17922.351463319632
26422.760765982104
438368.5374624226
6.921624285670088e7
3.2209906807799125e8
881333.9911322595
2.6116592342178994e6
5.141708032093891e6
19492.88794261796
1.9036174562362823e8
1.5285320165298027e6
1.839906668796664e6
22239.7508021742
4553.630072451833
24454.997621405957
2.985920893954185e6
1.6263927617314871e7
2277.7454996364327
1.4035924229787254e8
1.777428450506915e8
6.619421984229574e8
9.715687678987946e6
7.597186425213778e7
3.2791631042279387e6
23077.973797077753
1.844368658472445e8
2.6220198730558924e7
8871.693441773068
2.0319570879795796e8
8.561769556774623
1.3107595076052527e8
1.9568482791005373e7
12890.845608194139
24077.15879215392
6.418335923861637e9
347537.9204669425
6.645163394682813e8
304.1899149768411
7.154980532641414e6
8.784292455762846e9
2.0200331946448332e6
12385.17835046762
8.25637641548538e6
1.3103639906825044e6
1.4584079238661774e7
3185.245828956652
2.1153900103580736e7
368.9328201143277
88.62409648245246
2.7393512209758586e6
191.43983300057442
61479.49298386088
488.3181678423161
586608.5689445246
1.681198867199594e7
43682.99730022163
2.7992894525632965e6
330520.66260426684
402.9534784819231
7.175327619602658e7
1.7416556451518014e7
1.894112707599728e7
492237.6974728406
4.905760603828238e6
5.578682420620923e6
4.119472851628055e7
356505.82991457795
6.171109336569668e7
48459.15751131552
1.7126396174110126e7
7.3422765140127e7
2.5208746608084645e6
985178.3199678472
6.428077050331611e6
5599.896470209305
16849.28236884373
872427.9767573939
9943.944985800816
947716.5481634152
5.790980352337096e8
3.3446413077357267e6
425.6201713230104
117940.06497187255
1.866086387730216e6
118635.6729624249
985395.210578498
15574.839563269148
2.9103112466567256e7
7.71814909054944e7
573.8108169118597
9.557076775026592e8
2.497328055691821e6
1.8858650453876022e7
310178.234035649
307275.58094921784
6.04882332026503e6
17.361216964562832
2939.4765579215396
1.2584677128416372e6
2303.0444372079505
33696.15068189668
99685.65008381152
164392.56659440964
6.255073138944895
4.9384095814235565e11
1.2920304540109894e8
2.255817003652068e8
288807.47378945816
7.846197706512534e6
708749.03852726
2.157672520512024e6
101441.43063991828
5.5849929539777346e7
10401.048207439919
1297.88149992251
560252.7861655679
17735.339300660533
21906.997987076284
1164.2960910358477
1.4457489994928926e8
1.532064113259798e7
23773.204321126163
1.7388107721403562e6
5.217903640123515e7
1.4243751552846534e6
6.559041069315639e8
2.924306707239843e6
1.7092309652076913e6
169657.72886848723
5.624687958155457e6
9.513925131166102e8
404145.5045291245
2.1123986202432336e6
1.4517658466960786e7
212430.49754674817
75590.26761548182
3.8738074687344884e6
306537.6025585744
5.029601879509128e6
18360.495510855184
8.6927312916232e6
393524.08721515327
1.9565792799487398e6
3.6726658990415886e7
1.145776741332429e10
16514.15514956265
1.7745463413182665e6
1252.9034634535274
112202.00521773913
256985.49438338095
1.7950393076652255e11
3.1991116198465356e12
1.1818853631368266e7
3.816450425074139e8
5.910310767863527e7
26249.22497415095
2.851647969349736e7
2154.443634635683
9.292201286603898e8
1.2240109564741988e9
1.0284339701425376e6
637.1510031009941
1.2088418046312859e10
1.0136983610496372e7
33719.621458767564
5904.5972917905165
545967.4458777956
7.155962379313505e6
27830.552924772313
64.02133650970316
1.3900084330060277e6
1.684197171535398e7
1.1052790296251511e7
2.5534097013154402e8
54.31798359783546
4.100477481736894e8
22555.413776419904
930749.4739625201
4.115525770313942e7
1.724705054032283e11
741945.7128848677
46958.162449057934
9.19734467795059e7
82616.4575096683
410.91355061758213
207080.72815113878
21081.790093615822
9.203160828201297e7
743627.6642046713
1.702396657888947e7
51543.01786247108
7.492360356200254e6
3673.640677386883
148.14892686717408
1.223084154449818e9
7984.865802271842
4.121016459841141e10
7.175694736013837e7
180138.8010851804
41000.66249537636
5.805504928473663e6
1.0087709507406141e6
143553.17945421624
2.646424014643041e7
6.515889645270526e6
2.0118677570542498e6
472.67290228067725
2929.5140827532546
5.580871070163137e8
1.465845661043335e6
3.526010228781309e6
708237.3579193347
2.4108684834716655e7
1.9919098812352076e8
103602.2423843852
522.9137957206377
281889.36780102877
32430.796293804848
2.0767357629494968e8
2.52679030794176e10
292691.15969116794
1.8346645926766893e8
15866.212336848494
135366.4176624692
154660.72808984367
1885.2945021621101
18680.127487166217
1.0618667307892682e7
75347.19143148143
7.877804014565123e11
3.797798433388957e7
3047.7213460666308
1.1677769811279062e10
1083.2495397831801
414.849434927649
3.0053872711307034e7
5004.760738328177
4.6610273472616947e8
55679.723730497644
37287.70903450956
2.141246894912502e6
3177.9028285146696
63.53226061554709
2.3746699559153435e6
607800.2101498133
6925.0708377054325
4.960867018581191e7
2.0359299236902293e7
293887.46244079823
148510.70709330175
145377.2720691906
2467.291505619236
730.7195973536878
48948.56598004056
1.424843710795307e7
168.2932206054383
2.434293046319262e9
1.2942191152795862e8
6.0764589258087e8
4.536359979278554e7
7.589355991577941e6
2.45573898745066e6
8.405357042669037e9
5567.658689041615
2.6214980554770645e7
3.4106155450324826e6
141398.63304194406
4.1072210542916264e6
5.137777554528679e6
25.184537633813807
654390.5871793494
1.2661575561845177e10
2.0044177931635174e8
1.7741009008915092e10
2.7549877904222485e7
1397.2429902337326
33692.32423449034
3.679196869805674e6
9.850158978458863e7
3.136978399774051e8
373757.0411192147
1.232107978865425e8
2.6496884992087297e7
398236.5167306877
3.5348928324330455e8
2.4119612714593853e6
1.4679509027476804e7
4937.135042254689
6.391075498988213e6
154991.85078746587
3682.385108626075
3872.0634255925047
23080.347003788575
221198.13785911092
4.646412941773076e7
23117.846222105312
5.55354085988496e9
1348.9040390684922
4.573190801758754e7
3.0037198621706817e7
7.479215276818885e6
1.7956136547776894e10
9.154951493891573e9
1.2889409938774831e9
5.167426540670088e8
3.1526339193674153e8
5.360704342642954e7
1.20394153098876e8
311.1137396072465
1.8268880018714607e7
35846.9507177181
2.0602255383864265e7
495891.9853537177
2.886793060344362e7
5.7203451754982024e7
3.1169046299410667e6
1.8630594784401804e12
7.088646781839057e8
9.17737230665217e7
1.9282636317834713e7
40498.01118525049
2.1279990940312028e7
5.209861537119693e6
1.08746979194519e10
1.564880482021043e7
2.269420203713968e9
859854.9350138018
4.439107312231643e6
2271.3558908899463
110587.17107190429
4386.523181559376
2.9860249404359967e6
796024.8079060316
3.517657711110286e6
6915.359756020503
601207.5971030121
1896.8794446692389
7.459954291276205e8
54042.19254176036
1.531870828111071e9
1.83311650691922e6
4.22666637569164e6
21084.30306363955
1.4177751820839616e6
45977.191480261856
113335.40206583825
9230.06054092039
113546.00025044227
2.5783942085215527e10
2.1964679769215215e7
3055.8891637714028
2.0976729836409387e8
647405.6562410463
13.383607242817154
864359.8029754115
45414.588970056306
341.03728796691286
20549.537681236136
6.288508403969957e7
80311.6540052973
242622.68325470542
4.7186884227920305e6
9244.01527166056
428729.4367310174
2.254074736239702e9
376052.87006817013
1.517748312955791e6
12514.598322234635
735.9525529204467
1.6088970280221581e7
7.025763945429835e8
1349.292172459561
1.7398062187005422e8
3.115949884941713e6
3.477572776023749e10
1.8854766055511506e6
6.444774933735272e7
2.3914429814798236e6
948389.941312167
70214.83995564579
1.760445695915772e7
835.1731186668344
5645.73628349441
1.4653962177738184e8
61282.8169026293
2.4244751670449967e6
11089.097430460568
9.836572316640424e10
1.032394764865945e6
4385.838990844894
2.4162673075618506
10334.786138344818
14676.047768070444
1.9771495069929945e8
23665.934558059387
1.0974697701272385e10
1.4014793567050912e6
978849.4293464755
4.2992711561444014e7
6.6953979100809656e7
1432.392942860536
212199.04368237624
4.765626701582792e6
894.5208144637768
1.2241766852631376e6
2.658804445729526e6
140283.15546872717
196821.07074764388
514426.87980294117
1.9810460622412656e7
1.8622523446076293e9
33.34250025792843
340030.8403750015
1.528996604262446e7
6.63007661726957e6
15409.833976707909
2.3869193153356493e7
2.8772616719867024e6
67625.28932803353
2559.1780331634945
89.49671302987369
9.145802618716403e11
2.234260769187471e8
5.5249983561803296e7
270637.66150425596
4.033572001216356e6
9.234962083094734e7
13425.479800319907
2.575086311005123e6
3931.97629540198
1.0243763343628516e7
4.2265851750312015e7
852.3598610463152
1.859472402729351e7
91459.5697268739
55.085090284671764
1.4035032578977549e10
718954.1816567773
1.0017304135334913e10
440151.74859504635
5.818338742600777e6
25870.515337694927
6.954574861230845e6
8881.084052843467
8.01964340491682e6
104.3067254399174
193.55423588126237
5.31956176206278e6
529.6032629397371
2.6203074357407234e10
4.619603812829977e8
6.4201945888653666e7
3.858573784750866e6
42752.768945001546
2.0795743829496477e7
4.646577124536615e6
3.0593918994026594e6
2.447069673478912e6
32632.72853110033
223446.74509363197
8477.917874898163
3212.691172392589
15377.206881697632
2.6258887623512678e7
3.973770982022385e7
7.39919327741036e6
625003.1818050707
183.65480201878046
5.763639914776944e6
1.1174624460654047e6
146386.83913611638
8.497234516144572e6
52727.77026298018
4081.967316659608
4.232156901391986e7
2.9693172495997623e7
1.0663671996707858e8
94858.39052771324
3157.420379658658
5.0499416166259474e8
1.007373337302201e8
13245.868574442584
9.427895208444826e6
1.0349862666718996e6
11473.287749811334
1.2433523930897126e6
72428.28348615483
2.6344798426453977e9
2.136071657983813e8
85658.76543722664
54064.24437289742
134008.23726029616
4.714426080008265e6
167935.479897309
6.1126782668114915e7
727512.3388569093
5.8031113424668955e6
18457.748348438854
1.9470598382162917e7
33391.603200297264
1.1645013925329784e8
4407.105260050915
193988.5524171445
1.6682257051286979e7
6.474466042044621e6
1.3883845470074832e7
9.937941506529123e9
1.6964106044378605e9
5.050958784799509e6
3.8730645596854515e10
1.8573810650832817e7
5.239616606794159e9
1.7836564277886593e8
9.932899080069768e11
1.5007130520528688e9
38879.15528583788
2.5177912521777037e6
28389.37496828524
1.380590379725801e6
5.642210328548154e6
1.5319794455637153e7
93475.21207499203
126257.6077774069
5552.017087856764
3.4827414156198143e6
2.484819022208801e8
1.5019929716476133e8
3.174529348753336e7
7.139581713859804e7
3279.604504448065
2.269690831493019e6
882740.6174019518
6097.849360486476
2077.392449894834
910.6310803854406
1.4344577107780373e7
1390.1959977799681
4.826694304973321e7
1013.3985153410306
1.0151863051375107e8
57341.88709402662
1.5530316942063972e8
54.37165875811959
29.327824139727696
5.274945584698767e6
176297.22583185585
1.7205926143000047e6
9.673594722445408e6
1.177777638696111e6
1.095143136462281e7
13936.528351772096
3.292656518956914e6
16.005917053457996
41878.292112241645
109306.53342111336
2791.5351518856028
5.444206103560565e8
287.67964845982226
2.2149147154454603e6
7.316953313855277e7
195.04758240017873
4.4234594270282246e7
2.282078676636223e7
1345.618840861782
4.2603141803194146e9
305102.2088906004
1.2659993876919239e6
4.030645722839946e7
5.801110619360155e7
6120.7447808979505
59.302957214496146
4.99776499266642e8
1.308497830933803e6
6.770649141446586e8
347.5071835444318
3.0914460987542825e9
34357.450740553155
10448.682901794842
428882.50835341995
117721.38710688343
5.548391949897192e10
25876.552097476975
763.1709883465331
425072.1727323898
1.1114770082627812e8
3.2064542050034113e7
389.7653439143623
676889.3107385874
1.0776729908534226e9
1.10634439547379e8
2.525112348171376e6
6.885397904766552e6
2.4815420164024034e8
1285.9383110332278
764107.9180770159
1.0264420662293717e6
5.170177239829333e6
211684.29165371953
1.8757903917874133e6
8.592567487569846e6
7.215448101323365e7
0.12412195339028081
5.559804542762918e6
146535.78969086698
1581.307855660437
13112.322064503927
777056.1632730541
5492.109754200961
2.637846844286017e7
1.194761477847643e6
5.028663267234846e6
9689.259949023937
10.371511014903495
4.385532906864117e7
16149.063876540968
504318.83224715805
7.434041813924769e7
35166.37057368473
5.078586422266597e7
661339.5756193628
5.243760700118088e8
92718.1400166222
1.3319078049415128e7
40831.67203076203
63260.08970952229
1.2157249720956636e10
69635.65872961872
50939.80977423402
811605.3982073365
3.6762183076060206e7
9.420378256880205e9
12481.46545963388
306.7873028883108
393443.72650243074
996582.5549488014
1.3325210023996174e9
2951.932390161787
5278.922468228951
38562.375385957355
28887.810410689246
5.165408029672346e8
4.5469574436978914e7
913.7318596047171
169774.4237708964
1159.5986203792072
17976.34483913897
2.0508628466822433e8
747999.7145848937
2393.4438650047537
3.1415974045143058e6
44321.67631324868
783691.5401641845
1.2819155864702133e7
168260.80290922232
6.772531299104242e7
89.06771865509218
6.23031623004524e9
1.4358922662656824e6
1.3113672048803464e7
6.204048902846506e7
7.048873983714865e7
2.7906820216770407e7
2.5829656189890057e7
132699.09193227126
788.948990272565
1.9101643589426542e6
6.695741593224618e6
9.665118924481455e8
1.8044944444543335e6
7.226901483914365e7
231232.84877224598
4.898449726993521e7
5.89002022011309e8
1.2779537631188233e9
62911.70512833901
537.6923809655276
40811.48566241218
2.7335306332811177e8
46.50380607216351
126.0395828402998
1.769476394112297e7
7382.382742086547
3.633245433599981e10
3.1915850723062916e9
278971.7389663727
4.349701037895015e6
409613.8279595608
29892.497312992557
287077.02502832987
20581.491561030653
6.964782106998977e7
2.7873159103955086e6
203232.16532767867
10035.418528386683
73979.32852865693
28343.376863443267
723832.3189712907
1104.272710922415
480999.45377331245
1.1309867113630682e7
39013.81309116974
4.717153517179194e6
117530.18230925052
31133.072769801533
3.2523058257478696e8
14026.65795638402
1.17428185175362e8
5.553302432741465e7
2.247766558446018e6
98644.30951538293
989356.4849729837
510423.9465297216
6.349309083256925e6
491.0459063392794
6.45765933386722e6
59790.651882886516
940633.7212776645
1.0250189174714431e6
107091.54153083461
1.965628436342689e8
5.881802209868706e7
2288.5686120752894
63395.82100849032
144503.23211584776
684585.1716251696
2.0663529410224137e8
1.0606618151684357e6
457430.4489457122
162828.64817816063
80094.80057395615
84.66328841539845
2.7482339455280244e8
5.601907310081124e6
7113.368472128112
4.623004803407642e6
23.579283218272742
1.5980012857717617e9
2.783474307706573e6
4.0828573129504756e6
4.611253488001709e6
3.0449430472431015e7
378807.0329408202
9.973028162933405e6
5.45642422788298e6
153972.41593444563
83.85271085832944
45379.7850991458
340664.7090721062
45769.03169710031
348734.15390201117
1.2057140905227706e9
2.030201203304049e7
11303.315724782855
6.203649970563058e7
1.24037539788406e6
2.9374677557654055e6
1.499369711071054e6
1.3863021310963738e8
31689.33591451556
32857.54751604496
12791.52198011568
960903.2955674214
2.306112396393939e9
2.3309748390322567e10
13340.673302511197
8.1860523890503e7
5.2087093090694904e7
3.728262667005677e6
2.0082526851484515e6
2.3557694161226186e6
502.81276403895663
6.277765476371189e6
2.101436675965926e7
1.0441126129593678e7
1130.1341698762064
0.00596880297229788
1.1100615567778624e6
93598.77922320979
2.2726737486356692e6
2.830722295351144e6
1.1323207443738827e8
5.757469640401486e6
1.5980983076912016e6
94489.84963920865
7339.706605691113
2.2517434897896657e6
2.0014439764757986e9
4.278335000480434e7
8.474929056188436e7
7.364790480047269e7
4.641637642477643e6
8.293821912732498e7
29010.065382628545
160044.98756381255
1.7617462070687138e6
1.7600317920874653e6
761.9641218457338
1.3249348222210031e7
5.2494618260961e9
2259.194521547463
197216.4203459905
2.4746110390797806e8
4.819182682932844e7
92.26390205004748
1.683909571935023e9
157743.9723507589
4.1693543606105365e7
96624.68015598299
11471.706406203313
187.23023046216122
1.018696330544377e10
3.3579035515078837e6
28705.17007497279
8.909099334190587e6
305869.89604223095
741.1110002903232
122574.9066663136
1.5317580154684253e11
634168.8354860316
22292.66640908827
557243.6934779313
7.655055590232847e6
41238.50684857197
951787.9705812992
6.813395031611832e8
6.521888887955469e6
1.4589303401016556e7
809711.690177406
8.206533582816774e10
25829.21294585876
1.5081200341518635e6
15860.008599317609
5.1773187846010765e6
18143.131610800127
3.574865962811149
2.825859112259509e8
6.085347468870894e7
641.8559876020586
2.481538763702317e8
2.191796444418573e6
1.681757832687934e8
3.530940746635763e7
1083.1270433895324
5.214647514933381e6
5.261348011121523e6
89670.88854429984
46375.383087810624
4.641699991971094e8
4502.682247316685
3.715301268422519e7
1.2112366522430327e9
2.1731127468281044e6
21623.612496476355
1.0637879449782535e6
1.1351950628577784e7
7.369826763204687e8
1.2511041658238876e8
3.0008132433542294e10
1.436272026566634e8
1.1546647156842446e7
92221.43849095413
2.814348065997985e11
9.82541154086412e6
4.3177795187084895e8
938313.0206859059
7.792421596443965e7
7.492073700927826e8
8885.147324744894
1.3821053968781369e9
2.85051450342904e8
5819.436524900293
248433.1641742476
1175.539610705444
778089.9552183439
1.9224875884945784e9
2.913221151261823e6
681106.6726298302
1.176574174707762e9
99023.12404813227
2.505419040060703e7
2.7517902405460696e6
32286.48167029368
326627.68613624794
11935.967163456782
244110.11738705714
9.142826227812247e6
1.746981899237541e6
2970.8408340668116
1.4668705709993381e7
247.63264597870142
1.1017138123002617e8
8.711919780675812e6
2.802206188765653e6
4.482894951699661e6
5.246608920219104e7
2.388028944275623e8
4.4790247359220904e8
3.688080259612876e7
7.128963219813333e8
5.856546193316109e7
5.241103089058314e8
6709.447410244478
188360.49048679293
38931.055162751116
1.93159010550253e8
1582.2566370655554
1.1177930917792426e8
228307.86540575273
1.4808037662657888e6
1790.519341087154
4.870477999557893e7
66768.20078539028
57855.07610222465
194843.98694041837
1.359277272513265e6
7.59426724156002e8
8.415370075454184e7
4.370466701795105e6
3.9145227009501114e7
3.469767359274473e6
147061.53582629142
18972.11035869924
5231.211022070114
2.966261903690345e8
1.4662416403460825e7
244.85596562646475
416062.8441054853
1.1379118624944046e7
15814.147577331612
1.6339511867057302e6
523160.3029934293
4.675425389106764e7
2.145875465468213e6
14204.94433118302
3.9327861795496136e7
4.4660835687317036e7
463115.5094595657
10.28727716198014
21044.888792806858
5.254328021683057e9
1.0280482424747264e7
1.3763088983045702e6
0.17912332135552322
4.366707096757168e6
11878.627214556593
166.26382521306317
3.804609289836437e8
13894.576861643083
5.305798232895191e10
1.1449898141368398e7
188848.3061240362
2.4013226809133537e7
56964.62019951886
1048.6953637994468
1.1164646783269376e7
2.0762773004575184e8
5.687918759911662e7
1.9378071693249114e7
1.1282345632441605e7
83921.2319798274
3.4141534024271995e7
16678.53664227285
4183.788178452702
203354.64317365058
5540.114394204791
170662.1086618531
392.04866503842584
1.9719173577990383e7
4.485014386782075e7
9.218011808719888e6
13072.36969495783
6183.031983596389
103.98604702525498
178366.56096887862
2.760395206339864e6
1.495737894552788e7
101926.5691195725
524487.7889025344
1.0485887249212267e6
4.30770424497765e10
5.551976375998263e8
1.2496271719661446e10
190783.3679047683
616.6631604383778
4.638055214440072e7
808.0619623549961
3.237133360684113e7
4.0895459572793084e8
2.6756886798137897e6
98.7601501828027
6.6136241960962005e7
187539.29397996646
5.616486842664889e7
21688.122876227582
624269.7201979341
1.7093684195970637e6
703636.9648340492
1.127597254691827e8
16301.523266994596
6.499914815403149e6
266463.29669407354
378428.5260718026
1.055646930866242e9
253449.90834567696
3.566724910196986e7
1.0017771256646098e6
9.495155963499699e6
1.5484768696420774e9
3.637288058217681e6
5.884147930242079e10
907204.5001447798
355.51773490189316
520.9975042387955
4.609744329132323e6
66540.81300396376
811.0443911020412
47824.39973224
1.9914363363988867e8
200905.28468216624
1.0729586180148716e6
370.59457882656557
2.9644256394820153e6
9385.24703005948
107437.4029917442
3.0709329264907353e6
4.942791662437314e6
2.008746661378252e10
9930.091838791686